10000 10000
163517
157788
154086
155153
153731
155212
149566
155972
153723
152981
152420
164284
146011
151272
143757
156192
146774
157183
153874
157457
156982
152425
147414
169647
159733
163702
160452
146023
158973
154144
153046
157931
151517
149749
153477
149882
153849
159150
161705
150540
158037
149748
162585
150223
166225
149829
149538
146082
155102
154704
156782
156369
166853
149798
146941
151841
159310
171577
160707
154199
150561
152607
151074
156510
149391
167379
149655
150748
145690
161598
150971
164539
152532
162515
164098
161389
157710
163027
156305
153144
149034
146136
162097
151080
152721
151752
151043
153251
162684
153060
157724
158321
148461
154970
144351
152825
153039
154139
157026
146854
150643
148117
149834
171401
150104
149799
164449
152035
167280
169707
156102
154166
153320
149734
159768
151067
154691
160612
144610
154472
150098
148936
157148
155957
146644
151728
172821
166165
155928
159281
148863
144184
160419
150701
157870
146513
155362
150739
150152
168731
150471
151569
158284
150778
159556
153871
154138
148735
154109
158134
148877
150343
149211
151751
161162
155287
158061
152064
155049
158362
159926
161907
156633
154009
161661
157395
151724
159720
148429
148646
172772
155636
157030
159686
155777
152591
149113
153306
156079
149619
154914
156129
156779
155466
158896
152410
148201
158838
160882
156574
155315
149572
154025
149822
152935
144272
152009
169481
153757
149917
154362
157286
167531
152629
153278
151748
153543
152954
152439
149570
151418
152648
160833
169068
151085
149914
146859
161296
148472
153668
150954
152294
150330
151806
163174
156599
147479
155304
154958
154610
158035
158179
155181
159418
160201
159197
162793
157407
155115
152989
156236
158415
157314
165970
154590
159556
149317
171784
157350
160513
150358
179549
149217
148657
150985
161448
158243
149244
154448
162513
152744
154962
155492
157224
154140
157986
155200
151048
151519
149869
158553
163122
156622
156321
152653
149356
163439
151215
163129
152759
154481
154118
151232
159928
159197
162576
156923
152743
168349
154620
154788
164408
153590
155927
154891
152148
160045
166257
152411
155858
153872
158421
149407
158110
160691
151972
156954
152682
162265
154226
158900
152638
160971
153244
149699
160698
156221
154632
146247
153130
161446
159352
169836
157142
153856
163953
160282
158103
158402
144789
152620
160635
149512
146018
148987
152496
154031
160901
152287
149963
152873
155372
158330
156828
160985
148031
155540
160994
149378
151538
177014
148216
157120
159956
150085
157828
150410
154225
155064
151253
148034
164703
164650
154123
158342
151478
158269
156997
154002
156556
150218
152832
154627
153490
146753
147759
147416
152498
159951
156768
157441
153877
155915
143448
156161
150624
153880
157170
152718
146261
155368
153678
151445
155384
159103
151170
160315
157388
151165
153630
157491
145701
151557
151427
152536
152644
149164
153807
163551
160177
150596
167588
157296
154493
152004
156995
168834
152692
161156
151195
152139
154424
155123
154359
151818
165123
146502
165034
150918
158289
152175
149606
166170
147002
150481
153917
156772
152927
155602
145709
148737
153811
159442
152451
151319
151874
159139
161678
158329
154312
157123
172586
151829
156066
162758
167863
151882
152961
160083
153740
152559
167021
163130
153113
149891
151628
152729
154195
148486
150873
150762
158983
155210
154510
154792
171057
161637
152072
175356
172149
155063
151601
151350
164511
162281
159184
166424
154216
158697
163760
150957
153327
167037
151769
156881
152065
172855
144018
165440
156838
158632
147278
162476
161739
163973
155669
153145
147325
162588
153981
169370
156035
159899
159625
160070
157086
142931
157072
148170
145232
148646
154514
150427
155707
153064
153720
150880
162170
159814
154341
146615
146474
147264
154999
151271
155426
157768
162440
175498
151248
157483
147142
148343
160120
155166
145335
156651
164671
148912
146166
160240
156741
150350
149043
150872
163362
151992
152246
154578
154782
181616
155267
158201
159745
160912
148860
147753
156985
150410
172765
153376
164060
150937
154024
159744
157001
150748
145401
155350
169617
151398
156846
153863
149665
149786
143570
153108
149829
155502
151048
154294
147175
149847
151792
158886
162981
153889
155219
154464
149124
153268
157011
149339
163366
151826
151845
166629
156939
144004
145173
159042
160998
155190
162440
151687
150718
159556
163599
160020
154956
145635
159985
152164
147879
148617
154586
154219
156460
153595
148094
163287
155247
164670
159679
143748
158475
149338
157384
157628
163389
159424
149424
168704
149920
154664
159032
147788
164836
157954
161627
156200
166016
155068
151093
149780
153979
163715
169675
152727
163015
155813
152856
154022
151599
164297
150547
151905
150657
157804
146802
157286
165795
161469
147056
160209
162767
151588
156412
149339
149354
151374
150182
149195
145502
149900
148496
160155
149686
152763
156413
146913
148406
147715
144888
161763
152942
152401
147499
144811
153353
149032
151831
151333
155483
149605
148497
148691
148744
147299
151609
153969
163723
159528
145298
166920
147293
155187
147264
164860
149445
163626
167457
157961
148009
159019
161955
158211
146942
165440
169729
164396
152553
150475
151772
152471
166397
148275
154966
155553
154621
148848
153915
146430
151853
155275
151412
156709
149124
152767
157500
155746
153349
147666
152882
149071
152650
162871
150312
150978
147633
145982
146637
155478
162397
161253
148134
154693
167802
149485
156771
151578
154303
153052
164830
159845
152522
155940
151746
163188
152639
154691
155572
171416
147895
146387
147870
152152
148065
156809
152402
146379
151322
161142
147423
151599
155288
157643
160684
156863
178828
159245
158331
161989
148517
154719
156290
153495
147582
150277
155212
151539
155470
158345
161584
144597
158235
148990
152331
156186
152886
153911
147265
150452
150448
166450
158421
147613
150471
160957
149972
151097
158008
158926
150868
150501
179948
158531
151680
151360
150724
156046
149629
174747
157334
155645
156997
161398
162822
156614
153731
147155
155758
166843
153592
155983
157305
158564
150586
152405
156629
156984
164992
156335
147948
170787
150822
165183
148193
157809
147990
146441
154607
157606
148186
148596
157789
163304
164060
165752
158319
157219
158157
152880
157274
158216
151415
160806
158230
148239
149026
148861
152640
177589
163940
167713
153511
149252
150194
153739
156901
148463
167285
155975
160352
151094
154382
150976
154197
153146
154374
162041
165919
152782
161651
171611
150880
153533
154543
154293
147278
162833
162330
148438
157071
152597
149546
159736
155134
163948
159626
146293
162310
152283
148206
152764
149491
155067
159509
150153
153632
151674
147052
153656
165702
152979
157241
159516
150167
154123
154832
150639
149562
160407
144349
150691
150396
158928
156607
147493
145060
147126
161813
152540
158722
160510
156099
153574
157672
148551
154324
154456
154096
159752
150013
149681
156063
156615
154753
157876
151318
150126
155564
157742
148712
163062
158034
158773
164427
155449
160586
162610
175141
155607
147013
144160
157844
151060
151997
172232
149809
153295
153698
158172
146797
155965
157425
163790
156857
150417
162246
149860
144771
149301
155338
156878
159553
148103
161878
149172
149970
153168
156289
154256
164607
149086
146369
152307
152720
151409
160781
150760
154603
156813
154958
152364
154152
164321
142921
155588
149532
157843
164790
152649
158816
164260
160630
173667
152932
155148
168909
163183
160501
151693
154491
162700
169815
157144
150619
167138
154989
158365
150260
162363
153793
146991
155771
158178
152483
153464
148116
156260
150994
159154
151293
154352
154288
152891
152411
154957
148123
161562
159696
151316
154969
153697
151486
171662
154133
157224
158114
147781
155430
151470
156186
151312
157923
158849
155032
160964
171205
164927
156267
157768
157192
153459
152995
154449
162251
162870
157144
166236
150031
160598
147957
156905
149056
152880
149960
151122
156115
146263
155863
156772
157745
151702
148429
151278
151352
168162
160906
157360
157787
157920
149560
158112
165559
153021
163534
145596
147520
150503
163331
155882
148297
151352
159106
162129
166241
151796
175203
153543
156223
152729
154768
168101
159236
160761
152099
153065
157369
155997
147765
154234
171802
150846
151807
155422
148623
152134
146348
152574
165750
148369
157458
159126
160794
166304
149863
154906
151342
151546
160866
151391
166059
151615
152989
160305
154531
148932
163064
160732
149539
153437
181289
151456
155187
161837
146969
154195
154978
154979
157691
150414
149925
149170
152880
161760
156735
151519
149386
157774
157068
147436
158928
159216
165138
164665
164692
159182
154304
149390
153976
154371
159523
155369
156626
146241
153176
178496
158496
149582
150451
165444
164891
159066
149152
152086
150885
157894
154983
153377
151201
153205
155957
153675
149610
166864
150496
166305
160011
154343
148108
171226
153780
155837
165722
162917
149177
169151
183535
155223
163249
149416
161165
167671
155992
150803
153546
153883
148240
149452
149169
159923
156682
148728
159521
154482
159263
151979
158478
164893
167419
144126
175056
151679
158189
153085
154667
146141
146225
161380
146143
153519
158317
154465
146569
151608
158778
151542
157715
172293
158076
157364
147450
157455
154319
150901
151552
177675
158844
164743
154435
155079
164349
158632
147290
160015
149867
153563
163866
146989
154289
154061
161632
157198
152526
153656
151329
149376
155811
144344
152069
156084
158995
150361
158552
167865
158793
148453
153982
162545
164534
164246
151264
148057
161137
155959
155096
152875
162839
149932
160272
153971
155055
147268
155517
147253
147596
148834
163226
152606
172905
171220
154749
146461
158195
145331
157543
152284
152024
155249
165073
152847
154872
168211
155211
152642
161222
170338
156377
159353
159853
148415
151112
151264
159371
157607
164655
163523
156073
158468
163540
143162
155326
150485
165651
158211
150217
146548
149315
159812
154657
152885
145319
157281
156239
147702
160480
153676
149616
152791
168691
151085
157946
155243
152896
147949
141412
157197
152745
170390
155068
152246
143209
155965
150575
155516
149088
156512
155149
165427
156566
150895
149681
158089
154841
156620
150075
164085
147734
156058
157307
158066
150056
155398
156035
155622
160697
153004
155934
161387
149535
152860
150925
155612
148262
166855
155328
146727
147684
157131
151993
167842
158876
155746
166854
166250
149431
153174
155534
151193
157625
172917
148826
165284
154301
149341
151893
154826
157122
151105
149999
149768
158658
153367
150466
160657
152879
155617
160420
150946
164419
165408
169740
151875
166561
155551
146379
152627
151908
148505
145227
149232
153616
164799
154506
163263
153385
152921
156657
176599
149440
153284
146564
147773
160459
162727
162067
169547
153122
153776
158230
164378
159377
156137
150358
153947
152960
148777
152074
153955
150307
152125
163563
151777
156331
155652
166181
151817
155971
158600
158256
147452
150892
147067
154519
155929
158493
165038
168587
159413
171762
146974
153827
154077
150407
152431
150496
156975
157995
154123
151149
157069
157955
159420
151506
147943
160344
159578
148928
150381
146165
145715
151558
178398
149429
157344
158845
165400
153434
159482
148993
155171
152803
162750
156614
165336
147790
146322
157757
152564
159584
151512
160090
164879
157099
153282
151206
160404
155658
153018
159163
158362
150993
158158
150547
148085
167143
152166
161757
151032
149706
149944
153601
144711
159169
148238
150504
151676
149092
163659
155673
153023
149905
159125
143353
154044
156932
155325
146452
162811
157013
175452
152866
155830
154823
148473
146176
146062
161162
145091
146030
153980
155891
158209
153492
157485
148310
150539
153936
149573
144990
149581
148898
152797
154955
148297
156321
148230
159207
154277
154836
161250
153606
147958
163027
157287
150185
160152
154990
155251
162602
150143
148390
149346
155777
156759
157559
155034
156685
146967
153367
157459
149909
149116
150991
157282
149512
148838
153798
156383
154662
157982
163156
148552
152313
149960
157313
158348
163020
147187
156638
156402
144957
158982
155159
167016
151559
151542
152054
154423
156720
153504
157506
155087
154422
156174
153092
150556
160438
158123
163130
150955
164440
150497
149259
149933
166573
155280
158346
156776
158341
154433
153298
156966
162747
154378
155892
150950
153232
158344
174990
150021
157290
187283
150008
154410
157848
153698
148360
149777
150392
153216
156730
154364
161328
162582
153092
148369
150466
150985
156906
154016
148444
166936
162975
169526
158294
161210
160684
161536
148039
167284
161806
153267
153566
165292
169149
166091
147716
160614
147375
158919
159475
150349
150021
153665
151305
153277
149992
151099
151104
145402
151137
146962
155034
166110
166353
146315
154644
162789
154973
158197
177256
159926
159854
156689
149214
148359
146216
149997
167831
156028
155532
156389
150335
163056
146490
153950
146981
149339
168789
166345
156446
152552
152510
158952
159378
162820
153046
156313
169457
150941
152946
155863
153066
163233
158346
163697
148391
161160
164411
147488
170201
155810
151415
158275
156154
169081
149802
153779
153313
167271
167841
161186
161818
151743
150353
154683
151017
146953
155112
152846
156508
148479
146790
151215
160155
155099
147595
155477
167792
156319
177163
153292
172929
157036
154006
148837
171898
152989
163822
158439
149255
159948
167560
153052
164877
148322
159651
157424
143784
156721
155410
151844
150478
157093
158869
164229
158574
202846
162143
148595
154057
153452
155659
153348
158300
158844
156236
147459
151857
152106
152614
170055
154811
159900
158874
155888
152333
150905
155090
163488
161012
149025
148708
161293
157724
152041
150474
151386
161737
150775
163616
152342
157510
147222
152919
160203
150467
160267
161369
160908
149963
154134
151447
163281
168102
155327
155729
151168
158559
165264
151858
152799
158319
156843
147753
148913
158182
154858
145169
158066
157430
145428
152444
148472
148940
155064
157522
175362
158708
162381
151646
149653
156867
153338
174525
157036
145905
153783
151942
170188
155221
147538
163760
156935
161374
151258
146669
153474
157238
161261
168012
148580
150072
166195
151898
151126
147100
157723
156488
156602
159168
145112
146954
144495
161646
152947
160196
175502
155546
154494
148605
155798
160466
160820
169628
151859
167224
156744
150712
157701
150546
160812
158420
159355
152904
154284
167588
161905
159204
156234
153070
147391
165587
156640
166276
160049
159556
153142
156123
146989
156166
149970
148179
159088
152356
153225
174893
163802
149625
147993
150496
159355
154366
154051
156696
156842
161653
158220
150082
152225
153155
153859
153380
158549
168501
153555
151798
151194
145242
164217
160889
151667
164232
153064
154713
161771
153343
148877
161298
154208
158503
154571
162218
155868
158706
154697
158184
148433
156989
153190
156718
149899
154953
152034
166091
154612
158288
152544
156569
154096
152594
144640
160130
149517
156519
147582
152881
156340
148766
158256
160258
157018
150932
149855
148995
153129
146897
158539
154051
153553
162479
144362
152885
156485
147677
155958
145795
160799
162277
148140
159140
163237
166431
148699
148511
166630
153821
161667
156270
148726
162773
151990
168739
164563
159559
151464
154002
164478
144370
167748
158492
151902
156031
157768
162166
159770
150390
152764
151257
156744
156142
148981
159489
149682
147176
159247
151229
145638
153239
155872
152788
158813
160660
157599
146397
152369
148817
149375
150448
156235
148847
156850
155577
151330
156062
150244
149993
159872
153579
156842
170258
158240
148901
157881
158269
154222
157178
147267
166160
156979
158596
155033
165240
158681
158293
158513
145708
152281
157587
148770
156848
159629
164575
163804
156099
156438
163187
168296
147480
167234
162299
154557
157410
154631
151433
156466
151224
152270
163338
163361
153291
154348
153453
157557
157045
152603
151413
152936
146828
158618
151413
166265
151592
156200
158001
158593
152652
154349
156479
160464
145538
165201
151676
156047
157463
149239
155263
147741
151513
167284
156861
155444
157188
145569
151297
148822
152251
149978
148191
154084
157526
152138
155564
159687
162846
155291
162508
154702
151355
152487
147127
158419
151238
163534
153936
147909
157767
148559
167243
151237
152228
152223
159728
155487
151013
158419
150531
154144
155654
154823
156267
157809
147770
148959
150657
157399
150537
175498
146004
149447
159972
161416
157795
147943
161967
157586
150602
160624
162047
156050
163120
153095
160244
152381
153620
152977
148142
159624
178156
146532
149455
172087
149436
171543
151628
163696
157381
149185
157141
142706
146928
148525
148886
159566
149671
154284
157454
160074
156108
151785
168121
155898
155893
148306
147392
158699
160085
154986
152789
147097
153551
150714
155316
164420
155748
154201
156147
150532
157432
153561
142170
154539
153559
169137
150452
146791
155974
151082
151284
150195
152952
148660
153603
147123
150610
158448
149673
145436
152040
157415
160483
153834
149698
152698
152509
156477
154685
152047
159947
150771
153210
152156
156769
143923
158649
161710
165695
150883
151802
158575
156998
151767
161163
149368
155314
154409
155597
170398
153139
147682
147894
159371
156381
153667
146457
157290
165725
164324
172112
159669
150396
156067
164089
154027
154055
154937
163354
152144
148862
153456
149766
165492
151833
155801
164311
152977
170749
145924
150557
150813
161667
150862
152818
154451
157319
144073
156176
155996
162900
159325
158579
153798
155524
149005
161868
155983
151376
150253
147511
162098
150999
149026
151891
163630
148219
164401
148116
157545
149723
149333
155308
157545
163445
153521
168390
152759
164410
155244
154310
158813
166621
156604
150288
146969
158868
153106
155331
151560
166648
147873
145132
157391
164754
163343
152004
150716
161812
150601
161711
166533
151005
163251
152783
153143
152385
147879
153952
148934
159441
157274
147899
162777
146653
149110
149342
161824
152787
154993
149918
148060
153005
151223
161832
158381
157477
164539
147598
147359
148226
159993
156511
158976
151255
161829
158125
161621
162838
159486
159732
164834
153558
155013
152942
148400
155837
155114
163356
149640
174488
153872
153879
160493
161462
156921
152124
150848
170011
156302
149680
164766
150682
158211
157567
153567
157145
143901
156025
165433
158856
163937
148008
161534
153754
153202
161041
149045
176531
165086
162399
160498
154058
168639
150567
145674
158009
148362
155690
144403
174889
153009
154315
162977
149677
155904
157317
150413
149326
156550
153606
158586
154551
154985
151380
156210
155715
158220
147270
154351
165058
155448
153007
154274
151051
155522
148986
157653
154272
154685
154433
148337
150894
151499
150522
151669
162860
147033
163567
154840
155885
158816
155477
144403
153433
150329
153071
156859
153670
150080
158026
150928
155648
145656
154166
161302
174551
160359
150232
148606
155950
147144
170550
168599
155365
163990
160806
163099
157027
157451
159932
150242
152429
147309
154832
156299
150665
159797
155377
152274
151347
160803
159056
150781
160904
150738
161686
147065
148592
171685
155451
155550
148278
164434
158518
182138
154947
151849
154832
159672
153637
144384
157486
156074
147444
168076
164346
150903
151129
152339
154226
168856
155656
172023
159785
151154
155107
152550
148260
165766
149778
153259
157171
159977
157422
151316
157924
150387
152564
152527
154974
157919
154245
165699
151335
150278
144592
159234
154937
154217
146275
162843
157227
147882
158224
162251
163299
145479
155660
153166
158281
165547
149751
153899
163189
161490
158002
160433
145551
156003
156552
159711
153470
152945
154245
152910
151536
154211
165915
156615
151590
161400
147687
162892
149697
150535
160656
158313
157826
158677
158416
148241
147415
145431
147192
155788
169892
149264
148367
153004
142445
151304
148032
145744
157951
162026
159297
154793
162360
155479
149523
154852
154269
155798
151568
157889
155239
174987
156934
152173
156297
165394
154850
152413
154193
155082
153998
177326
145590
152297
156621
161190
157310
145060
151542
146386
148584
162977
154867
159630
159233
156172
152624
154400
168974
152049
158857
159740
150829
150748
152442
163459
149022
152181
159431
153416
152534
157931
157579
156388
154054
151148
145854
153395
159739
174085
152635
153204
153600
154513
156442
159560
146163
150155
158740
155950
153512
152065
153833
154647
168204
147916
151494
144581
161164
154299
152755
151939
155344
153003
162947
145258
153871
159649
155169
148353
166633
147310
154760
151694
154098
153961
164590
151498
158775
158108
157304
161311
149288
151844
148596
159671
158320
155796
155247
149379
159364
149827
158311
156586
161701
146816
147363
159284
154242
151099
156008
147042
145118
157531
149786
160713
152860
156662
154906
155755
159242
161650
153547
156948
148345
169325
151558
150984
151808
149929
164196
150619
159305
182905
157341
152498
150880
163983
149790
161727
149383
157813
172304
157302
166592
154669
151156
156707
170181
151039
161198
160504
167428
151135
152517
151049
146122
156016
149930
157077
150287
151412
159793
151818
158016
157873
153139
158151
158189
146607
149253
160534
164696
157257
160841
163812
153131
158745
157818
167247
156805
144554
151791
149287
156729
155252
155942
157075
155842
155440
159218
150019
153561
157075
157579
164954
156384
161042
150955
158554
144916
151327
151515
150816
149576
148928
152721
155139
152517
156923
167366
155361
152105
158652
151140
163464
147499
158215
156735
163706
155682
156137
147133
170239
157941
163694
149592
160658
151220
147388
150236
153945
156503
153611
154410
156035
157023
154809
151195
146718
154487
161478
152824
158921
153837
155674
153596
150727
155939
155284
162151
163924
156946
146404
158650
159394
157342
152446
157387
166179
154026
153627
157503
151493
182820
155142
168646
144153
155843
160939
158737
151470
166745
154804
160907
166618
151849
152914
170834
155738
161669
157089
141563
161150
153429
147618
161419
153166
165776
166162
169612
153832
149920
149989
152126
180682
155121
160138
146359
161575
148961
163932
148658
160974
153307
154528
162745
168916
156053
159416
150191
162314
152142
157541
158102
147979
156887
153618
157559
149642
169183
150099
150410
164814
172449
162581
159891
155628
157820
165371
153587
153413
153623
149015
153750
157580
154928
152431
161063
152645
149714
163566
166868
158582
153926
154050
163419
152208
150368
157887
146361
152935
155463
150220
152613
159334
172149
150056
160335
162727
152367
161102
155742
151408
150111
154184
163061
159571
157504
170177
148840
151355
160470
156729
151558
159443
157994
154015
151705
149303
158981
156581
159594
153575
161528
153255
168389
150762
154334
146552
148971
148481
150836
155927
148703
153174
163886
152960
149211
152199
159655
161284
154702
164377
150445
149256
157798
159297
153995
157450
152836
148887
156472
154292
161326
152677
150966
153065
149969
151354
152171
156372
152065
151564
160386
183236
157862
158087
148267
152091
154701
161495
149975
156367
165937
154338
156657
155700
162530
159353
151652
162912
161337
159137
163682
145783
157127
156907
158423
158379
159093
159496
154719
157991
155739
153191
152224
147967
162890
159589
152942
157000
148602
150724
151056
168558
153525
150596
158434
150611
151865
153560
153870
154860
156015
154139
153290
157302
158136
154735
144230
161580
152538
154792
157759
152663
154685
153621
149741
158763
157267
148451
156202
163172
152982
155850
164111
152908
162761
160675
152275
156577
149974
150220
153990
150908
148667
151464
158307
152520
154458
152177
161407
152935
144830
155203
145696
154935
157476
165617
158916
151759
151848
152225
160505
158725
159645
149519
160672
151739
155644
158489
154707
154280
150630
187336
151398
147010
155342
153113
150052
144799
155816
153456
158603
155641
164757
147016
154313
159279
147138
147100
158431
154004
153948
159300
152188
155245
156505
152776
149291
157400
159680
158691
158947
159322
152885
149156
161177
149824
157932
151410
158446
169621
161219
148978
149771
165733
159239
157947
150206
149693
163463
150346
155213
147086
155437
144483
169738
155137
147746
148919
154590
175832
152990
164265
158332
148675
161447
174636
151490
160593
146185
153521
148721
155279
154220
161078
149198
169860
147958
154888
165749
155036
154700
147280
147459
164920
157215
161019
160862
159673
155595
152159
157051
153183
152636
152006
165912
163632
150539
155428
153766
150295
152839
149310
153026
156255
149250
148701
153275
158677
146271
154622
164168
150224
163608
150489
155383
169682
155420
150912
150236
146519
160376
168627
163655
154131
158812
148316
160482
151911
157325
160437
159747
162531
158478
148430
153219
150395
150863
152758
151011
152040
157090
150708
150276
170356
147549
147265
155897
164563
157899
157850
154346
158018
150027
155538
153184
151858
153973
163647
159434
150903
148709
148923
166189
146459
154166
146946
151815
154288
147211
163816
160466
148198
155747
147481
150023
151000
156307
167618
151108
162987
157646
148607
162956
152080
149613
163750
156397
153085
156052
167231
152675
158843
156766
157046
156970
155364
151694
147854
165742
166557
146444
168909
164509
143812
154131
148488
165509
159436
162560
149137
149211
170838
147530
158387
152049
147931
147165
154921
155063
155010
145540
159608
156915
160782
166342
156305
155207
155151
148713
155000
158455
159177
162944
158232
159693
149412
156045
152192
151564
157865
166278
151188
149851
150150
157024
155458
148749
169852
148901
152748
150494
148332
153825
155609
152697
158875
165602
162890
168663
157844
164505
152132
150308
149516
153589
171694
155038
153468
157562
151304
150644
154438
153970
154053
148031
161534
156236
158883
148454
153169
150001
151252
149951
153026
156531
152681
168309
161816
154306
161574
156070
158865
160131
159367
168586
160715
159074
162530
166305
156558
149319
154058
163634
165600
155812
151603
154688
152295
152586
154340
153646
153424
169967
162582
155696
163540
151651
151955
153385
151420
151146
157131
159737
153361
155452
154232
154475
147525
153941
149825
160080
160746
160096
154602
154402
149371
154230
153851
155795
159041
151897
146272
154751
158813
152215
151628
152196
162826
149751
157037
146126
161299
151238
153784
153377
162835
153875
146738
158681
156135
171128
146944
152839
148649
146204
155781
154738
149168
162540
157016
143968
153868
150770
155250
156247
160831
148833
152253
159317
152681
164316
153695
151570
167361
154283
164953
151627
152463
154960
162697
151799
152775
148343
156379
147600
164706
166104
149841
149495
143944
154489
151360
147794
159381
151023
144438
149845
158876
164538
153994
155613
151643
164952
156710
150460
147016
151376
165892
149810
148918
154415
161488
149838
151825
146980
158736
153126
153019
151275
156899
159596
155913
165741
166931
157802
149265
147492
153578
157962
154181
144277
154110
159299
153281
156929
158268
157583
174613
157168
188054
151544
151985
181599
162078
160313
149873
152300
162824
149022
153204
162408
148959
162593
171928
157042
167267
155485
161608
145816
152980
154246
151167
148478
152338
152510
146363
164031
158771
153681
172174
148134
173218
157856
166364
152302
151159
154783
163602
150151
154989
157304
152608
157626
166308
149304
157104
154576
159555
151630
164418
179384
161361
150230
144168
165903
155629
166833
154485
152599
158927
163004
153463
160379
159902
158756
150366
151362
152002
157357
151724
154483
147769
154936
155677
164903
147034
162566
147454
149718
153991
151359
158214
152825
146849
148931
152387
146852
147880
148613
162279
160392
154561
150731
154820
157783
149984
152168
155118
151047
153459
147894
152055
158670
153139
154426
150754
158130
165391
175460
158388
158322
161906
150249
164511
155022
157076
155556
158397
147571
158696
148099
155665
149590
151138
154194
148389
155435
149174
152581
151619
160259
150318
149551
170958
154849
149553
157995
153410
163637
148843
149858
160177
150766
164109
147695
160300
150859
164030
150255
156498
154763
155857
164685
157249
154121
160460
156313
161473
157163
171157
154627
157614
157235
156114
151947
153317
171110
163036
158972
162473
151813
161901
160323
153225
170706
152606
146322
149447
150972
149411
163251
160629
162358
159516
155651
170238
147394
151708
146322
155274
148516
151819
150741
152653
155534
154312
151616
159833
153609
157184
151305
153806
154449
173253
156597
144929
150597
149861
154482
145019
156439
152841
153390
147580
147366
153884
145920
160705
149475
148848
177549
166762
147345
153296
158958
161850
158471
156900
152911
162345
157081
155719
152083
153415
150062
163999
162718
157128
171822
157482
155027
161941
160693
151245
153173
156831
154270
147964
156243
150204
151807
154730
155749
151253
149980
155267
167374
159896
156556
158391
164036
150457
155486
158628
151477
150283
150302
154437
144229
156030
152284
151285
152814
149847
154220
148279
146435
154893
148412
158892
163711
151956
161274
151239
161047
154042
149685
166020
144609
160321
161807
168874
154488
156925
146205
159473
157330
151550
164572
154242
153453
163666
152902
166717
162325
168708
148056
165387
163741
150001
156032
146619
159342
158012
150825
151530
154349
148771
163751
146633
158712
164167
149462
151448
150943
154716
154470
155412
164370
148736
158258
161429
159809
156881
158526
152494
157762
157149
166236
163466
153127
144233
160155
150514
154898
154289
160637
145352
154667
155685
152858
156831
153472
152382
154944
148299
156250
155832
156626
151372
158211
151814
149516
146354
161025
177484
157267
167788
150395
154628
154446
167220
150423
161782
152314
158363
156242
164549
153312
155451
147847
156764
154749
168925
152508
149037
154688
152429
153085
150963
152305
163735
161760
159614
148267
148302
158637
157347
160441
156640
151309
152940
159194
157051
156154
152151
158144
157376
147344
162273
156066
156416
148043
160601
150772
148792
149308
164410
150557
159635
149393
157008
159162
159912
169455
148868
156434
157637
167839
155700
169534
148455
160908
153774
150810
149226
151799
163848
157433
150830
170231
155080
159939
169271
148668
151961
152031
152308
156487
154647
152163
148428
151159
149146
144503
154540
156479
157384
160430
149598
154841
152365
155201
150677
169285
159768
152803
153227
157439
147231
152900
158532
165429
145323
150220
154953
156636
155760
156373
151585
171485
159544
163779
160547
170724
150297
153516
150533
157304
156730
150317
151155
165450
156178
148871
157224
165504
153403
144339
164359
151616
161338
159591
156744
152821
177685
156999
157199
158535
160393
152281
155144
161048
151826
155784
154165
152212
155518
163255
150490
154176
156411
150436
155885
151967
153639
150692
158143
160309
159813
151663
142761
158550
151903
153885
163237
157474
153267
163666
151669
161771
162988
145635
155230
142317
151082
151402
167065
153811
158695
148637
155760
155380
166938
154000
148672
160960
153078
150788
149653
145203
164889
154065
164440
158811
151181
154118
150736
154739
172853
155933
150709
153679
156430
160116
154785
154000
157568
146380
146186
155748
156763
151042
158684
157880
150823
145015
152310
143272
159469
149787
153097
167573
154769
157448
157748
150242
149842
166769
159478
162051
167860
149031
154941
147228
161380
151758
170289
151736
145834
161911
150048
151228
158576
150787
161413
156297
146940
151733
146371
157007
153027
159067
155153
149882
151220
148759
167836
152948
164343
153417
151571
164191
156611
175502
160030
149901
157023
157576
157680
149553
155511
151538
156603
154046
149479
157266
154116
154627
151638
161654
161369
157468
177582
155559
163187
157331
151019
158173
163916
161717
149760
150367
148424
163807
156253
151492
155778
150331
151192
155889
153468
152094
155680
158515
164236
159688
161066
147385
151981
150471
151254
172172
157553
155876
156591
156688
172723
153436
156783
156402
148023
153680
155720
157685
158212
164647
156715
151910
158181
148053
168378
154922
154822
157773
150798
158106
149929
154571
148396
146527
159653
155087
153941
155985
150535
175405
154932
154209
152097
163666
174596
153867
156473
158468
152519
152909
168676
156198
149932
167496
159032
157502
151024
155226
158307
147818
163305
156096
164842
156096
158132
174136
156613
146973
160451
152551
156683
155769
154386
158590
159270
156320
158998
165628
162911
151360
158095
147900
149643
173964
157402
156484
164085
155210
155811
148949
145109
152861
163465
152643
164300
163533
152669
152930
156310
148159
152221
156121
157370
159400
151655
156141
158153
141886
159707
149352
157443
154364
153419
153141
155211
152762
161680
158246
151374
157526
160144
150878
162305
152191
162450
157629
149935
169166
156305
147384
153073
145197
153412
163008
162247
167204
146959
154513
147316
163942
147675
165633
155077
155220
157883
152528
151157
159694
159331
149082
155053
157771
151219
151615
149613
161248
152670
160722
145712
157278
148212
161887
153303
157300
157091
150153
150720
151540
150922
155917
146109
155796
170074
162909
156203
160547
146935
152199
163084
156093
155415
155583
154385
161051
150682
153327
161697
151376
148097
149521
148975
169992
157293
144336
155663
167701
158825
151091
153336
164049
147416
167989
161769
155898
160844
145366
154538
144091
153214
154041
148084
148020
153834
152991
148639
152725
150491
176669
163049
153433
147962
157679
161981
154370
149923
161903
156978
161357
150403
160993
158602
165491
152532
152762
158641
159178
153239
155438
163507
158733
150672
155494
174325
148310
156580
156282
151228
158201
154755
162924
143846
146701
150165
153419
164409
158246
150143
144719
156195
145533
153439
155382
151930
166904
151086
157553
153475
153717
145302
153009
169004
148936
151172
150440
150804
148345
152592
157281
157725
153949
159451
149959
177456
151993
154346
152143
153930
152373
151896
162986
173765
147089
162920
186418
148791
162078
148974
155095
154614
150634
156096
158032
153119
152640
152243
148286
149625
155620
148665
167253
155854
148555
156686
155046
164211
155728
154643
166861
153172
172633
153778
153698
168117
149477
156599
148208
157195
151306
149203
156217
152171
146812
160456
153007
156190
149863
154133
157204
150549
148451
150134
171903
151264
154403
149944
151614
156136
149695
156662
155729
153530
145694
153632
147272
151896
151462
159969
152694
150330
171388
147131
152408
157847
149017
151911
171238
155737
157183
152151
165035
148784
163385
153353
157837
168014
160449
157416
150885
148814
157393
152011
147418
148616
151161
161610
152824
156199
159309
173662
153826
147438
165721
150477
153052
154913
166983
160058
149847
147864
154349
156296
162088
150279
156027
165799
152103
152490
150068
145296
155840
155318
151483
151307
164797
162777
152391
148470
150308
144655
154829
155213
156273
151877
152261
159895
169150
164602
155133
148987
159270
161596
148634
148352
156685
160763
155652
161212
158531
161939
154535
155051
155178
158645
153109
152086
152359
155606
154047
154352
153848
155155
162093
157395
152775
152584
160442
155152
151911
151227
157570
163482
152045
155790
161269
155391
149602
160753
165993
162188
155342
151552
155562
154199
157446
149967
154256
159704
154681
152438
148635
149515
151094
165543
147369
151500
158807
145264
153561
157459
181487
155490
160378
146801
145514
147928
153419
162744
154478
148554
158065
164279
157745
153903
167349
172045
158226
151937
165596
151388
171824
153354
146845
160649
149786
159729
151313
149866
153209
149321
156583
169030
151810
150173
158128
153201
152588
154587
152100
155089
152339
148094
159526
161254
147953
156433
148512
151374
168151
153436
168832
154630
148509
150436
152406
151065
153058
152342
153052
202781
155741
149430
156236
148276
153284
151667
160249
154122
161154
149535
159217
150713
155647
165309
155377
150492
163509
150470
156574
151066
149763
144249
163223
157947
159443
162618
160316
151968
153218
158048
146581
142926
148398
160292
162842
147579
155087
145979
166005
141301
157224
153187
146347
157790
153655
150334
146941
154897
172238
149399
148700
157395
160821
179861
153869
152190
146805
146206
151407
149618
155210
159776
156967
145613
152877
156552
154852
159110
162403
153231
149517
147527
151015
158637
155903
146192
147048
154246
166327
157912
150710
159304
157344
153963
152544
150934
156543
149004
162322
170260
157306
151439
152220
149651
173123
157091
148142
152215
160699
149721
153312
153683
160737
149877
159267
154307
148718
146240
153198
158447
157560
156283
145765
147955
142544
154145
154162
147194
151822
174434
152029
152532
151639
153035
164361
163435
153735
148541
151769
150851
153313
164793
148788
154008
166235
158466
157120
153986
148328
158155
160106
147943
151581
150663
155250
151422
146610
164992
153807
164962
173001
157045
167429
146458
151968
154250
149747
157334
146173
152752
160461
148417
167071
156993
150684
147468
163946
157639
153106
160234
155984
156509
154137
148129
153222
154373
165728
151468
154241
153978
151488
151696
149206
173941
157893
150635
156005
162161
159311
155634
150981
162914
153264
158542
173158
150295
145506
153251
158621
150910
149227
164655
157181
149335
156451
157668
148572
154112
158511
145688
163102
148955
164378
159747
158558
153615
156538
165353
158366
152731
153508
148429
158701
152716
152428
155329
161046
155808
166890
161103
158104
155842
161653
146723
153859
154164
163670
155220
144984
150835
159707
158282
156977
150173
156922
159868
152706
170183
166466
150353
154196
155992
148587
166347
171721
169125
154767
160047
153033
148696
155669
148936
155685
158075
152011
157163
151849
164085
152479
160762
156977
151235
165898
159731
167084
150222
148437
150704
150091
146591
148348
147356
158476
154663
151278
152161
151399
155524
148576
156052
157405
161688
159929
153082
150652
159559
151884
156894
172674
157196
152397
158454
155298
150005
146317
145534
152776
151256
154682
154716
156925
149232
155055
147833
167745
151155
158257
154938
173755
160182
157337
151884
149742
160384
165581
155705
156391
158285
160869
153631
154560
145021
148335
161815
152448
171049
162319
164635
149338
155336
158970
150632
156694
152199
151041
154899
152136
154049
149569
149324
154718
152659
149887
158404
155917
162160
180300
158594
154129
153075
158439
156495
150736
159920
159652
156328
166397
150960
153860
148142
149974
146901
150631
154117
147311
149728
158428
164932
161949
149643
162348
146863
150829
149865
152366
150515
150600
166817
145042
150773
153662
151233
145594
153443
152526
149478
148835
171388
157332
160154
147180
146717
158873
151776
151039
165536
156377
159275
163166
157868
155598
174423
152335
149735
156530
163182
172851
152858
180647
152298
153921
158399
160968
152342
152356
159321
159047
160087
162941
146836
152871
146062
166837
158554
154544
155948
155889
156647
145442
159857
149032
161086
163334
168806
152290
160055
151428
162403
160179
155257
158682
160017
147072
159506
153662
160389
161025
148473
165872
159839
150314
152184
153507
149331
150654
161772
151969
165073
168452
160065
158987
148890
166669
153782
152706
146940
148187
148550
159003
161255
155764
159271
157276
155775
157372
158176
167914
154094
150240
159962
161408
152841
156281
151023
152887
163383
149883
154939
171686
155603
154773
167533
148870
165007
158805
157571
165446
159803
161201
155033
154943
152258
154710
150595
149016
162404
163814
156369
149561
160574
161736
150871
147354
152085
155592
154302
162421
160066
154057
152240
173171
158043
152577
150752
156865
149784
173799
148819
155390
160532
154140
151617
150830
155029
154371
151698
157629
160348
173748
161916
153989
154689
163570
168113
155050
155764
156069
157194
164997
158601
148822
155695
151611
152083
160278
163996
150109
158187
156836
152551
155690
152572
149762
150878
150237
160162
151860
153083
160104
156729
148975
159595
146634
160433
146470
153762
156584
149416
151986
150604
153001
145207
151684
148627
152111
147836
159492
151334
158002
151349
162344
161364
149495
156304
149458
148361
158252
149390
164788
158864
149932
146759
156513
157866
151684
152447
160934
152851
150255
148533
159737
156827
164856
155279
166989
161517
151713
159473
166630
154921
155940
148942
156965
147504
168636
150755
161130
150607
164967
158025
151861
149168
150338
159059
159552
165370
155896
156014
160093
158861
147072
155306
167368
150662
164495
153136
148060
167116
155270
155943
158253
150509
162569
150338
148339
151680
161344
154943
153186
158192
155304
150522
150634
160731
149042
154293
164868
160725
165793
147546
150226
148517
149268
147432
145952
150291
156945
156528
165294
149626
159236
157160
153043
163891
149248
154003
152163
155538
158557
159533
151461
154359
154325
161797
160074
155503
155604
148527
156583
153132
154681
155751
153938
159337
151575
155880
153205
163050
161186
152995
155549
156125
160496
152044
158612
145509
155090
161062
155335
152247
151106
155333
166205
154329
168132
158422
149253
166860
147704
151044
161131
153578
151962
148688
159273
148735
145380
175372
156409
180233
163416
149036
155817
154229
151278
148759
153450
149170
171648
142956
154896
149471
173568
160356
156194
155441
148119
161435
159995
163571
153334
152729
154258
152752
158426
166748
150790
152554
158335
151633
153901
150637
153634
160640
156061
152919
150055
155130
153065
151765
144686
159040
155471
146385
151969
147620
162943
162965
160163
151630
167115
155356
151459
156979
154882
169596
156730
148959
156895
157046
148921
152253
156851
158981
155090
156176
156625
151292
162885
149958
160046
144984
154030
163525
158748
154911
151221
158562
150400
147504
147520
142169
153251
155821
167634
155370
151448
162093
158908
164580
146155
151102
157653
172515
161587
150161
157839
147843
159379
152798
169570
149976
151343
149710
150251
158301
148406
147275
153738
155800
154759
155618
170997
154594
160349
153001
158543
155243
154315
146255
161975
154546
152348
150311
151149
153672
160990
160843
156502
157429
150549
163941
145177
147901
169325
145727
153362
158489
159755
151254
154599
155333
149132
154537
154613
150289
157576
146503
153002
154308
169959
149365
156125
149880
159603
146433
155519
159547
149234
167110
165745
143534
148816
148078
147842
149454
152364
160053
157394
145868
150929
152288
148784
164517
159494
146306
161595
167012
153719
153569
175492
161115
144479
157420
158553
154185
161521
151663
155365
160016
148082
164876
154055
168003
154622
168462
161931
156235
145729
147532
156335
153003
162288
153203
152033
172938
153104
149521
156271
150566
164830
183130
168778
161941
156820
156501
168550
161350
164054
186971
158322
149085
164608
158862
154970
154045
166426
158926
152865
153802
177162
154791
152058
156919
154851
151957
158027
151131
151988
148613
148349
159332
155628
154887
161105
153788
166640
149942
157959
150256
153452
152889
154321
151459
165334
153776
160014
153571
149798
154833
153588
151519
155856
160045
150031
157372
149490
159677
149927
167961
157975
169195
150112
145666
162372
152550
156853
156068
163327
149842
159965
149468
154878
151955
153001
150997
147193
160600
156442
151408
171119
145785
153830
162857
161393
154245
162571
152777
159560
150073
160540
165038
166318
150790
153798
167928
156315
166466
167368
160108
153833
157995
152080
152692
159196
168451
149630
146209
174728
151561
176293
155422
155075
155557
153739
149952
162157
157941
157477
165069
155252
169288
165060
157371
155708
162980
149957
152414
146755
156205
153723
158424
176271
158858
154296
158334
148820
145479
163736
169524
163017
156861
151775
159910
164481
158542
154299
144330
157926
162068
169930
156167
161679
158977
151885
158244
149734
147144
158757
159885
155222
166860
145847
153086
148662
158782
160695
148775
148823
154873
164166
153869
147043
160088
153551
152646
161846
158206
152821
151284
144609
165207
150610
157132
158675
175142
157445
160282
158083
154336
163126
161295
152397
157801
163418
164579
159145
152792
154530
152715
147781
160899
147658
164846
161337
151325
149249
166401
154713
151451
149788
153990
151366
157196
158291
158900
157075
149013
157082
164864
153849
164462
165205
148360
164156
147477
147874
161024
156904
147172
168509
154031
149470
148315
149059
159742
171927
161782
150505
172190
154702
143358
157964
153727
150862
150374
151728
154861
157291
149210
149138
172604
154898
171431
154409
162825
152858
153302
165031
157538
146872
153600
155263
150507
155229
159845
153954
155255
148751
155557
153612
152188
153458
161659
153035
168261
150229
152623
160082
155234
156204
153990
168193
164998
145328
151887
156547
172877
151960
150684
154947
159684
153336
147238
159410
157554
156526
159328
161990
153022
145025
159380
147394
161507
163554
150716
156873
159779
161942
147901
154796
150451
149968
150530
148288
143105
150630
153675
151843
148849
157250
153681
152449
149384
159674
151183
163055
148812
151726
152939
158631
157820
154846
152531
152666
154904
146373
156733
161557
153586
149736
146956
151451
146509
153458
152417
149622
152353
152593
171484
159506
153794
158269
155810
157669
153682
152875
150816
162943
152922
157064
155491
150836
150700
162533
152571
161687
160178
164365
156180
150319
165184
156967
156825
156002
149185
155758
143785
154398
157936
161342
159370
149987
149034
153873
171330
152646
149231
166187
149280
158541
154640
154706
155148
154405
156724
158418
164456
153492
151373
156372
149150
153021
151286
157149
158950
167298
150920
147020
159592
163124
150751
152187
152784
164112
156923
156333
151388
152529
155166
151804
147652
164329
153967
162293
149506
147399
158642
168603
156218
155820
157879
150600
149899
165418
153711
155408
148486
150973
147703
148818
160388
150867
158153
152676
148787
173259
164786
171400
153652
151204
145143
159783
157947
154266
159513
150838
153152
151983
157858
161391
153047
174359
153780
150078
159119
159365
165192
150091
156176
156644
148338
157280
150619
154262
149788
151686
146346
151095
160188
144746
151444
150469
157826
162484
153307
171285
148000
153453
160290
154690
149090
160213
174456
152814
156366
149582
151925
154217
155522
168060
156513
157937
146595
176860
162446
161686
152964
148999
160074
154535
153120
157886
150658
155847
156189
159073
157807
157774
152951
150812
159007
160250
153589
155688
166844
164247
166041
149928
150875
155254
161583
151473
154032
155411
162684
154902
168697
150463
148804
152234
148247
150942
154811
150202
148346
144987
154350
153684
171155
158573
156552
153361
154491
148647
151901
151610
157399
158508
158405
147968
161122
155464
157731
149325
160212
159143
145552
155212
161027
151391
155550
163751
152646
155504
152960
154487
150617
163261
146330
157364
155777
160373
154383
170748
151286
168463
161606
149571
158634
163105
152307
150573
157670
154957
155920
156648
151184
150261
145087
154451
158413
153645
160162
158721
170391
154281
148459
147060
163516
149177
159269
153794
152347
160738
152788
163165
153947
159588
159833
148565
160093
153225
147282
152981
159103
151988
151817
155223
153732
153923
150326
160883
151422
151797
152409
155639
161047
158058
158784
146887
155421
151436
161162
153854
154477
185027
148258
148211
154247
153534
148552
146095
178399
158948
155494
155097
158113
148267
162002
148705
148514
150731
144396
158176
159383
154646
150641
148895
156968
145592
158313
156477
144662
158967
148239
155065
158637
156079
152642
157589
156651
146494
156657
158944
154014
164946
163819
161453
152261
159334
151506
147650
148359
171337
152932
151118
156401
158881
151677
155838
177134
158931
156038
149247
159081
165756
161780
166426
160469
160420
157512
170931
162249
157631
154237
149547
155900
150739
164183
149756
154150
149194
158764
149374
152045
159292
159593
164743
171124
150720
148918
157764
149343
154534
152918
151595
154021
155947
169471
168518
158350
153514
159312
161152
153440
166492
155178
168050
155513
152810
153550
156185
152650
150249
163067
152985
150767
147606
157033
148587
152439
150467
156782
163609
153266
156499
155895
157684
155691
156167
147928
152375
169589
157489
149182
152895
173524
152483
157267
154389
150221
166529
164774
157951
154491
160576
170306
159491
161420
147118
149946
150901
147680
154394
148440
146196
156720
147929
153178
157261
150849
152377
146186
159368
156574
157536
147194
161520
153420
169418
149143
156638
161320
160225
144381
148338
152941
151840
150979
164285
149901
162676
146567
152018
155846
157943
154882
155798
167796
169713
158921
145648
159470
176133
150862
158723
165242
154294
159216
154403
149740
154002
148493
157555
148477
161232
151725
149630
165052
151130
146820
157929
147785
154702
157699
149147
155554
154052
168676
147070
148781
168594
160101
151139
151588
148825
167634
150866
155242
156550
154830
161825
170697
151410
158615
153190
156603
153613
163986
146139
149957
147570
160322
160482
159303
153456
155705
157597
156782
153075
156369
153320
153778
161190
153879
160754
163555
148288
148654
149573
156860
154755
177829
151861
151206
167318
155899
155505
144983
149926
149350
150479
155157
148095
160113
151227
151697
145728
156215
159038
174144
164659
157139
151371
158269
152249
159420
158671
163842
143422
144429
153212
155044
151680
164227
151802
151780
156348
149834
153644
176628
155500
151364
158071
160269
155693
161775
151108
171602
148526
154870
155292
167752
164729
151754
152330
153102
156109
161979
146328
156963
155596
164495
159664
157847
147148
148210
160184
160113
155617
164789
154991
154972
151720
169603
148765
173099
149315
159331
152607
162558
151491
148716
160773
149620
148136
149676
152687
157991
152240
147315
167331
155984
149570
159605
160120
150707
155880
162573
149174
153789
155898
152882
151976
160851
160272
153837
150631
157890
171557
162853
161162
163153
155719
159514
151148
156741
151064
155504
165510
172466
169876
151974
148675
162404
159221
146332
161714
147359
162449
168829
148424
158488
147200
157711
147459
150550
155575
165157
148299
163242
149066
157381
157239
154132
151953
149593
151704
157807
149808
166817
158327
155167
151858
153351
144163
148646
153626
147214
158358
149907
152381
167737
151400
153747
151223
148805
154464
168779
174705
149332
148949
151503
144550
149878
151651
154630
154988
150606
149908
154025
151456
167037
146153
162838
148615
150549
158975
162150
154827
156547
153354
157966
146646
154489
174323
153186
149448
156418
165403
146434
155551
161406
153330
152229
169035
155360
154126
159184
167795
154125
148186
148333
149268
152536
147799
152457
164991
152030
148501
151211
151951
157767
145632
149202
146823
156886
150970
160914
151416
155733
168407
151531
172386
154168
152639
158952
157143
152547
152790
142937
159075
154737
149377
152561
145828
151855
151660
152211
157677
150245
158341
151027
157481
155122
156485
151128
153823
150769
157363
151164
160018
155958
152917
157111
152793
161295
174615
157663
150823
164230
154123
148016
155490
152215
169262
151300
152906
150615
160009
158366
150624
148566
151494
158479
159200
153842
162443
144830
148509
156941
153245
161799
162151
159732
155940
152071
156806
155761
153159
153584
158847
153026
150341
151195
152173
153727
150100
152430
162628
157802
147626
172475
158557
155142
155474
171297
160850
146496
159834
149384
151376
155246
147559
151671
152901
168440
164395
152103
144727
148725
164500
153334
151567
156665
162037
153913
169075
152672
151517
146236
155766
154245
164006
152813
165555
145001
161981
156937
153446
154825
154797
147760
157138
158481
152406
164951
163389
156452
163491
148380
144025
156002
165008
147332
156540
161012
156278
160671
157432
144484
152181
160217
144902
148373
151024
154745
164574
159469
146194
154048
159391
149717
159577
157318
151959
166345
157249
175878
151924
154805
160309
154111
150845
153362
149645
160668
152633
158422
153390
155787
170180
154054
147823
153315
152895
150502
157607
168738
152571
161540
167214
152619
162978
155463
146180
159632
146886
172647
157288
159140
155516
147671
147341
152407
158395
152936
155053
160668
148496
151650
156563
147794
162224
158923
168738
157224
155655
161935
155023
154519
152299
154817
152522
152526
164625
147743
155159
151318
154474
148264
154525
157535
154288
155297
163529
168856
151972
165109
154795
153722
155853
153763
151266
155852
155909
140977
151192
157026
163428
159241
164983
161194
153722
155830
150124
148973
156846
151840
152199
160808
163506
171965
152489
144239
177852
159874
150837
161386
152746
151059
148795
151663
149496
155478
146733
152052
150784
155964
160744
149127
148180
167061
158785
178107
155987
151913
147529
173888
162389
158298
156796
155841
148020
150312
162133
145513
148099
158873
149772
165419
162966
167671
146862
152521
155939
146626
149461
157649
149955
155210
157101
159290
161985
153676
160802
149969
159587
158276
163613
159956
159395
145385
157681
158884
162426
159032
156797
156893
165024
161348
177165
178889
149021
160144
145176
152370
160571
148905
155866
151973
155375
152446
156937
157576
150876
154669
148406
148942
155640
159229
175008
142386
148447
151603
154984
150442
158492
154101
161221
181658
163988
160016
159616
165488
155442
167844
156097
152896
147818
154446
148131
158444
150390
150204
157218
166557
158969
152134
161654
156154
173611
144400
152547
157981
151339
161313
150105
146013
153605
161260
153348
155050
156117
155644
158787
153492
157351
159000
191271
164773
155673
157405
157636
153955
148338
156807
151814
145564
165139
158960
153419
144797
146982
149463
161707
147116
152455
152346
166276
166438
158468
159590
162388
164479
144288
150213
163172
160029
151773
164514
165617
162008
152106
150622
161610
152975
153070
159785
154126
150284
158814
147784
174657
161662
153421
155879
154559
149043
163066
159678
160474
147118
147799
155653
159198
151267
162539
149759
159010
152264
153236
158326
147834
155130
160196
180260
154845
150959
162144
159980
149357
149940
151770
165082
160562
155345
151256
151556
156692
164349
164752
147040
168016
164582
152750
150722
147645
157568
157698
161038
164495
168570
146027
151191
155665
159240
162147
154828
152202
155448
155041
151604
154718
151359
155417
169143
168000
171033
148377
160138
154085
152956
154498
152698
156665
153512
162913
156182
153086
153257
159061
160592
156360
151050
147605
158693
148597
152681
152553
146381
157304
160478
162178
150780
166643
155565
155514
175302
154524
154271
147665
159324
151412
148220
156612
165652
158258
151225
170794
157275
156211
160335
165876
154419
147991
145408
155937
147144
150269
155776
157340
168489
156687
150525
162280
157945
155622
155406
165599
153366
156672
152316
147980
153178
158971
152735
171534
149024
159987
153044
153329
166225
156133
159105
160083
151130
151451
153566
152723
148762
150812
153912
195148
150412
151063
148809
157521
150365
175019
161861
175559
151965
162288
150274
155843
148623
153987
153260
157805
165533
152597
162116
157986
148755
152065
163978
154905
143350
152484
162203
155741
146997
145543
146540
150354
146557
173438
148510
156035
160514
151208
147493
161410
151511
148577
153458
180344
154372
148770
155685
149204
157832
152516
158404
145906
153324
158435
150599
153374
147227
153091
149391
151176
150410
149797
161718
169768
153032
153360
155494
156415
155113
153374
162327
156229
160996
148749
152847
156716
156506
161846
152145
154462
161523
151070
154619
160768
154309
148759
163572
161426
152056
155026
146845
156020
146480
154141
158365
147576
146963
158482
158299
149244
159895
152757
146647
146790
150750
151889
155346
154377
162928
153098
152355
156512
155144
149844
146975
153834
148501
153163
157506
162672
151399
157750
152227
150424
154585
157420
162201
154497
151602
148926
151480
153038
160607
154636
154797
155593
157140
145561
157696
150438
147715
156981
156011
152973
155328
155861
157490
144505
154342
165757
166091
160336
159821
154393
151792
150751
148622
159695
151869
151051
144704
175540
153540
170587
160577
174013
155708
153504
152235
150445
158740
155622
158296
152090
145414
153383
144731
143623
169093
158303
146651
156454
158104
155159
154199
150933
150349
160503
150272
156288
149375
151125
158160
154502
154988
162048
159794
149081
150442
153658
157675
188919
150234
148524
147318
151898
153586
153992
147053
155365
151252
154471
170816
157863
154421
147429
153666
162141
153014
153872
153017
148664
154829
157916
166125
164575
159552
151718
161058
164126
167264
172218
150020
161081
155452
159014
155124
153663
152529
148172
149862
151852
149791
155310
161702
156216
159130
171399
156342
158786
159890
156488
151216
156199
159452
154375
151848
163771
159945
152964
162569
148258
149895
157395
152239
149277
149250
153076
153598
149318
150867
156116
161557
154931
157691
153354
145915
145431
158004
154055
160108
163787
165671
161242
151255
153271
147819
155151
145733
163202
152705
145922
152276
159841
154615
158845
163693
154591
163799
151351
156835
150637
152941
162815
159346
154464
158853
153953
154358
153259
149249
155589
158814
182207
152191
157259
151141
147374
153340
168777
149400
155037
147850
148134
171971
158084
158189
162452
171548
153474
155890
152466
162015
143952
155998
158559
150142
156770
160045
161048
172940
151822
149383
158356
151672
162759
153009
157109
152549
154736
151071
156692
158664
146327
152613
146366
154704
161344
149861
153282
154575
150291
150454
159683
156301
144579
163513
157867
170015
153043
148110
155045
153435
154003
165942
151068
155916
153015
170290
158420
148513
152906
159226
156966
157327
156759
158657
156997
156575
153290
169294
147386
157826
163002
164689
149421
150124
160597
147770
152392
158840
165078
161740
153762
150636
169732
150688
161469
151872
156282
158092
170740
152605
152914
157067
156693
149827
158744
149374
163109
166935
174460
151660
152743
149084
151529
149921
152521
159302
155066
151162
148720
147310
152911
154613
155406
151721
150502
159042
152380
149975
150111
144858
151488
153049
157635
155167
156345
157464
147364
151200
148215
146141
147888
162583
150970
149993
146291
157353
151975
174999
146958
151278
155673
153793
152638
155619
160810
163477
161830
165573
155853
149729
161949
150837
157017
160523
154120
159795
166396
160511
157240
163899
149966
157350
153706
153748
155097
152277
164325
154112
156277
150196
150041
158171
164812
162622
171093
152585
148331
165058
161661
153350
161712
161017
155542
162468
149776
155081
151894
161999
159092
150222
153358
151149
149139
162571
160866
155243
155509
155222
150319
163203
155985
150171
150581
151562
153383
156697
154565
159642
156336
147639
157657
158577
147070
152356
167876
147255
154339
155841
152214
154575
156081
153696
152812
153973
154137
156161
154307
156911
147059
173939
152363
149607
154155
167410
153680
156969
153671
146443
164744
149040
159560
149267
152889
147436
156999
152513
150924
167349
158004
155647
163448
151236
159170
161672
153035
161460
157033
159995
148140
154990
157037
153616
149170
157359
149991
153520
170150
146153
155946
154069
154750
154411
151140
144713
148719
159399
171436
151066
154535
148047
150108
145097
161103
156879
161302
157976
165151
145636
159134
163097
150345
159771
144434
154269
168779
158339
161703
152555
153096
154342
146643
153500
154174
158318
158245
146108
161776
152223
155392
153566
154171
157632
159024
158193
152163
162828
151289
152135
153033
154001
158515
161939
149075
146687
155125
148281
147178
169028
150238
154243
150915
153425
156285
153890
160514
150441
149861
165621
149157
158818
145380
148635
151357
151915
148266
167165
151882
153961
166619
147366
160270
165800
152807
149920
153842
150308
155731
147427
151483
150317
155110
150594
155629
162447
150642
151320
160172
163822
154111
148241
158641
148164
162363
149618
158357
162015
160435
158884
159531
155298
149580
146681
146329
148309
153645
146937
167837
153748
157676
151578
147037
156413
158965
154510
182479
151089
152085
153548
146153
168870
155174
163640
158003
160405
148474
163644
162144
154145
152715
152886
151632
146268
155131
154375
149422
152130
157166
153944
155753
157034
156452
149319
153377
162301
161715
151043
151108
151528
156935
160909
151895
147643
148837
171444
153582
155208
152338
166110
144078
150754
165907
154773
157081
161200
154036
153460
160832
148493
146433
162314
151028
144703
153327
157789
159795
164138
153477
153515
148857
145022
150380
164926
159161
152031
153215
149972
147552
149505
151176
148658
151447
148649
147984
160281
143465
157830
149941
158329
152985
165235
150028
159479
148244
178117
154790
148216
165807
161388
150354
162373
146110
153115
154689
156225
149454
149237
163978
153814
148508
157809
153346
153644
160436
155707
150374
149887
150928
156867
159201
161916
154423
148172
155971
160107
150254
152914
164594
144944
163068
161028
149649
172855
152786
154499
147285
152562
152127
157557
147359
150351
155049
166976
156002
180555
146680
158882
146772
156422
147656
156431
154087
148736
158223
151312
155976
156499
150789
153667
164799
158559
163618
163201
157870
160418
165398
151505
155789
144493
162271
163812
153046
154653
170742
151847
159990
154201
154724
149796
149281
147599
152850
160683
143110
161891
151053
156740
157015
155596
152320
157737
149920
146169
147559
149092
153024
159476
153416
157588
153874
153179
162723
149919
165130
152459
153405
149402
147878
161976
150428
145073
147321
153698
161944
169136
154321
152621
149290
151785
153305
163252
142747
156124
144960
160083
157400
162869
152663
149079
161013
152402
158336
149481
152596
149522
154153
161703
152294
164660
158369
159563
148343
160471
149101
158702
151819
161581
146927
150892
155105
157949
156640
154149
149914
149406
159709
157771
153858
159038
163289
150979
160713
146720
158182
151753
153442
153204
146734
155532
148139
150815
149300
152163
152397
145334
150541
143390
155205
143695
162401
156417
166103
156284
149832
150869
148324
153645
151276
161631
149662
156626
154619
166820
153962
163792
163660
156800
159074
152826
164469
163659
147235
152515
151105
164281
154292
158201
153652
152322
157380
149615
154947
145575
151311
165454
154456
163524
155703
157735
156847
146547
155932
156664
151035
156566
155800
147529
151826
152521
145750
148991
153054
161622
151717
150001
150445
155473
147306
160819
154126
146732
150649
156289
172615
153517
153519
176498
167484
147366
157635
147141
176054
148741
163738
151898
153399
161501
147634
150953
149998
156669
143530
160969
147809
166097
151978
153063
148907
163858
153629
154282
148640
150479
151785
158183
156845
160663
145842
165348
152909
149618
155134
154430
157849
152704
152958
157686
146777
159586
153603
154537
156342
155179
147441
147319
156654
153572
153541
155037
152236
160783
156733
157062
148482
154394
159628
147096
154577
152818
162708
153414
156999
159797
159262
150384
167560
152757
153187
158016
151114
148881
158876
158601
149207
147820
156373
161171
153484
163881
150171
153581
154767
146772
153736
147252
157554
164113
160892
163998
148024
156035
156127
164151
155657
155846
148474
153270
154010
143263
146224
157629
168393
152146
150485
153949
153056
158211
154353
161424
152777
149814
154828
147345
160689
148206
148196
151043
157924
150479
151763
170397
153044
156653
152059
155335
162345
145010
148712
155304
156720
160038
162409
151933
164035
161771
162952
154305
158244
163301
160157
149882
153964
147598
150970
152472
162972
155169
151345
154390
158549
158152
150219
150342
159439
148500
151147
156449
150930
156863
152319
150628
162411
159489
155285
149972
146129
155228
151371
155264
158230
159613
150016
162345
152054
159856
151679
157188
167232
148818
148606
173595
160786
154346
162183
163481
150496
150065
155691
149600
166839
149755
150632
148980
158872
150302
173879
149658
158066
149592
154056
151728
147955
155616
154230
151316
162780
156791
147350
159352
156535
160269
153325
155053
152070
151884
147291
154200
167784
149937
150995
155384
153153
164305
155642
158680
150036
151136
146046
154653
160890
154699
156886
157968
157886
149386
165024
167741
151163
160276
156184
162245
160984
158691
151948
146583
147454
158495
150596
173926
151076
147566
150050
160947
149709
148813
164368
158641
153031
153292
148035
157065
146576
151406
156697
160656
155578
164504
153949
155872
148407
157655
155770
163101
154185
164455
180041
159847
168125
166455
149208
149897
156019
159399
151297
156386
163261
159860
159335
160167
151770
157496
159866
171944
152791
156983
164364
163472
154914
144551
166201
162634
156328
162837
165307
152482
160873
150079
157091
153388
158924
150513
156385
154886
150035
150230
152985
151644
161022
150197
144568
143458
154167
160545
156016
152559
153570
153754
154839
156937
149944
148088
156491
152675
152609
163053
149455
159423
149321
156324
157595
157714
151358
148551
157627
158972
149225
150362
151506
170366
153110
151079
161023
157889
154281
151863
158336
154068
151645
156565
156491
146005
152558
175150
148606
147060
164545
156726
161457
152750
174642
167323
154609
146393
153099
156305
159914
151370
163042
148812
147550
154342
160586
160799
157250
165373
145878
145722
156050
173798
164272
154593
157176
150657
170840
154928
163580
158599
151948
159196
153413
153234
148070
152374
164633
161817
152088
155057
150175
162616
171898
158856
155631
155602
153295
152638
150927
155972
168305
151864
147427
150663
151791
152176
151458
168024
160670
166180
162423
152417
148213
162709
154204
149645
161037
154035
154845
151640
149250
151418
159235
163782
154740
158260
167469
157845
161400
146850
155709
149910
145522
155706
150368
151262
148906
152518
151628
149481
149457
160729
164182
154935
155197
163265
159885
160429
154539
152906
151091
151643
157148
148404
152914
158990
151526
156364
152742
151515
154603
163377
144665
153853
151201
157341
158457
153615
152450
149344
153735
153238
155506
148326
152637
146136
162289
158354
155123
168022
151633
157693
150944
162317
150108
152071
151521
148209
158846
147665
155984
156329
150767
167870
150782
146918
151593
171987
155894
155505
150214
156102
163332
158323
162770
154968
154166
148107
151790
151873
150842
157191
149498
160592
157578
156696
157518
148693
157725
152442
149754
152641
151884
153427
178521
156813
163192
164762
152488
151180
154781
148736
151973
145039
148716
147805
157471
148754
175049
182217
159395
148384
167268
159527
152370
156288
159050
147559
151271
160036
151133
153868
145875
157830
162987
150338
154311
151598
148198
148784
169369
152887
153827
174309
150434
150078
162574
157859
156935
160956
158830
163360
153361
145650
145300
165128
164019
147259
164529
158147
147541
160321
155789
163583
159186
149917
158383
164815
151343
156048
161159
161772
162552
149698
154573
147583
168329
152876
165861
168513
149920
154824
150148
171245
153427
148167
164714
150223
149009
149843
167353
153338
158761
162394
157489
149084
166469
151116
149101
161182
145248
153076
165852
148153
147608
157895
158939
151170
154360
154419
156672
167491
156830
158647
154075
173689
146300
153385
153955
150369
158559
166007
157747
157901
154427
152247
150687
157936
153640
151314
153826
161832
167874
161567
151546
153950
166954
155885
152113
154202
160693
149037
159062
160240
152991
147503
164263
155223
163060
149738
163816
159378
166130
149210
155615
154183
148033
152650
154825
157315
154511
160655
165849
164326
151963
156224
153202
148314
155154
154517
148028
151349
155727
156936
163704
149162
149681
165026
154846
158538
146932
154091
163451
152108
153888
151992
152555
156552
169185
170857
167900
147546
152024
151780
143804
158967
153341
151465
158906
162719
146357
161540
158003
159145
148699
161543
161370
166681
168014
154184
158037
153494
156783
152082
152600
151873
160069
163513
156767
156394
157278
154482
160083
159771
160735
155855
154706
154814
158681
154073
154204
155518
153334
153742
154854
148782
160638
150136
152695
149362
147933
150813
160377
157071
152056
156285
164846
164252
159230
146905
156042
150692
156389
166389
154964
152592
157086
150254
181073
145206
159020
146741
156607
158826
152098
154342
150818
151008
150440
153470
155613
157089
154384
157237
146906
148932
173244
155204
155031
157666
153432
161367
162072
153982
166389
152932
153775
159774
156181
146076
160398
144725
153292
154785
152790
161024
149167
149885
157343
158573
159613
148741
155046
160426
153208
161017
152153
147412
155476
157009
165823
155338
173476
158096
164702
164463
156651
163155
146272
152769
153475
158576
151603
153459
157748
151093
156585
160458
152665
148305
160890
156506
158020
158016
153812
150474
159452
154191
156746
163133
149449
151498
157415
151461
159051
156118
164122
153672
155887
153136
157847
152758
160707
153818
169781
151517
154812
159268
169389
151066
157146
146247
155766
145822
147919
148738
159196
152591
156996
160369
160091
158914
162715
174936
156348
153015
161181
156038
157019
143387
152948
150334
171568
155605
156974
155889
148921
151109
153415
154044
146616
149117
159446
155233
153354
154636
160039
151308
150184
148116
153934
159728
147943
156375
162881
159262
163024
152446
158338
148844
155609
152526
154936
165022
151831
155366
146130
157500
147858
153593
163724
150129
155439
151020
149556
160804
157803
169690
162647
148605
164762
149463
151477
152763
151200
148683
144634
155038
160459
148901
148691
164090
155889
172672
152977
157475
149063
157756
158725
152537
155353
160474
153880
148112
158249
151175
163054
152708
170293
157017
152454
160624
156430
161256
161502
157470
155551
165577
164037
165424
146719
148419
154889
160135
164829
154421
145499
148171
151075
148960
157930
151568
157158
151291
149982
160346
152781
148362
149127
169318
147075
157799
148270
155273
161351
152801
159874
160554
150703
165721
156480
165065
153464
170615
147777
154842
154939
146554
156799
155284
163516
156500
159916
155006
169005
148103
155506
162160
157235
155062
167109
152545
147292
157952
149383
149604
153180
150196
152024
149801
150449
153808
157797
152881
157440
161145
163156
159944
174276
163036
162874
151880
164236
151184
163217
151281
157745
154164
154037
160727
152038
148747
169314
146739
150908
158310
148620
142455
153695
152705
174671
154829
149882
151402
149853
155599
153274
146626
148674
159202
152415
161468
145969
148344
170102
154573
153943
153432
158305
155154
155462
164232
166624
157506
159619
167944
153106
154522
167918
152756
158034
145730
155771
149045
149515
155511
150293
155036
160988
148852
150772
154556
162438
163257
154275
150740
150778
152633
148140
150142
154296
158512
155393
161636
148436
158928
150423
156639
143696
150994
156346
157028
147265
154377
162764
164375
158421
162411
160116
157662
151734
148426
169468
153233
158392
147614
172478
152384
156273
162817
159734
152598
156922
160059
152051
163675
161181
152081
157535
150063
150146
168612
164342
152654
147889
153960
158882
156321
169142
157248
156950
158067
157335
156988
159499
155269
152529
159958
150967
161838
146470
152384
155651
143401
155359
161895
161187
155191
150019
145438
158937
154623
174141
154731
158065
158102
168221
157790
154469
158746
165675
158694
154141
154448
160642
152843
157697
148975
146000
150687
161183
162268
156063
154213
159075
154083
153591
164004
157193
