1000 10000
9753
9661
10136
9814
9587
9990
9817
10071
9632
9757
9515
9700
9835
9687
9739
9892
9435
9871
9681
9612
9654
9733
9613
9973
9822
9651
9931
9796
9689
9885
9887
9682
9677
10141
10024
9733
9850
10086
9993
9819
9780
9836
9697
9891
9934
9837
10104
10158
9869
10189
9658
9905
9571
9842
9792
9719
9830
10138
9763
10217
9815
9652
9713
9725
9823
9620
9835
9826
9658
9718
9868
9890
9867
9826
9779
9928
9742
9665
10024
9650
9644
9976
9794
9789
9493
9572
9890
9651
10251
9965
9644
9761
9579
9938
9752
9846
9699
9612
9924
9818
9941
9748
9917
10012
9642
9887
9765
9655
9661
9789
9733
10301
9618
9837
9748
9985
9837
9969
9567
9737
10068
9636
9932
9782
9576
9866
9755
9955
9642
9711
9797
9713
9636
9677
9768
9663
9693
9785
9754
9764
9956
9591
9780
10032
9876
9843
9594
9722
9942
9755
10124
9563
9954
9796
9794
9736
9957
10034
9898
9803
9728
10014
9749
9670
9551
9849
9841
10117
10248
9828
9524
9929
9985
10250
9670
10000
9605
9508
9893
9702
9857
10011
9807
9709
10178
9809
9934
9670
9577
9682
9810
9864
10029
9964
9613
9696
9686
9848
9769
9560
9687
9729
9906
9511
9655
9820
9669
9958
9597
9871
9935
9901
9875
9851
10000
10098
9715
9604
9820
9887
9831
9969
10001
10047
9640
9571
9781
9618
9743
9907
9570
9987
9823
9697
9722
9867
9744
9975
10051
10053
9872
9696
9819
9901
9880
9653
10285
9817
9797
9766
10081
9818
9852
9797
9696
9912
9761
9659
9595
9615
9724
9648
9580
9628
9747
10139
9734
9738
9728
9815
9718
9552
9661
9880
9616
9586
9738
9803
10020
9780
9812
9898
10095
9983
9636
9750
9631
9677
9686
9868
10038
9516
9935
10007
9679
9771
9641
10016
9833
9951
9731
9916
9691
9997
9619
9943
9648
9861
9766
9901
9899
9803
10062
10193
9547
9780
9767
9787
10090
9632
10045
9664
10356
9759
9744
9631
9950
9589
10070
9720
9627
9655
9868
9627
9717
9823
9654
9690
9679
9702
9781
9845
9738
9824
9581
10062
9581
9754
10044
9884
9919
10070
9977
9720
9874
10444
9891
9630
9801
9747
9691
9734
9776
9711
9525
10297
9919
9744
9776
9924
9590
9795
9832
9961
9810
10008
9671
9724
9982
9823
10154
9888
9754
9758
9640
9578
9922
9752
9675
9545
10260
10153
9721
9583
10557
9977
9598
9593
9863
9648
9772
9947
9655
9678
9861
9864
9574
9793
9640
9610
9612
9977
9541
9676
10088
9516
9983
9762
10205
9524
9631
9816
9700
9958
9792
9811
9730
9651
9705
9802
9656
9624
9628
9812
10479
10126
10107
10275
9706
9615
9668
9618
9824
9770
9838
9659
10000
9915
9808
9714
9811
9837
10174
9884
9813
9795
9757
10013
9822
9748
9557
10191
9721
9654
9787
9871
9502
10038
9639
9811
9669
9823
9977
9864
9594
10108
9810
9775
9808
10284
9676
9789
9820
9779
10059
10039
9483
9672
9819
9635
9941
9773
9903
9748
9655
10174
9557
9781
9837
9924
9751
9859
9984
9803
9776
9634
9984
9701
9985
9844
10109
9494
9969
9774
9900
9855
9924
9829
9654
9838
9728
9718
9912
10338
9812
9882
10037
10036
9929
9695
9740
9719
9630
9700
9676
9674
9833
9599
9819
9828
9771
9973
10315
9824
9856
9894
9792
9833
9669
9681
9728
9886
9652
9947
9785
10024
9700
9615
9905
9764
9737
9902
9742
9932
10241
9759
9889
9920
9615
9778
9704
9850
9575
9672
9851
9703
9952
9792
9731
9709
9637
9692
9912
9656
9895
9927
9718
9874
9621
9906
9729
9757
9826
9795
9735
9638
9803
9968
9639
9604
9622
9917
10114
9773
9653
10038
10536
9538
9630
9475
9578
9704
9960
9760
9747
9715
9545
10016
9678
9726
9758
9810
9893
9730
10099
9698
9752
9717
10039
10207
9914
9742
9755
9740
9995
9811
9748
9577
9894
9729
9736
9765
9616
9706
9738
9694
9501
9647
9734
9549
9724
9743
9718
9762
9777
9706
9744
9772
9850
9570
9608
9970
9770
9968
9780
9835
9900
9871
9731
9931
9640
9901
9869
10012
9640
9733
9876
9761
9634
10241
9782
9702
9770
9663
9603
9674
10412
9662
9809
9773
9660
9775
9798
9636
9932
9643
9795
9791
10005
9677
9931
9853
9759
9724
10056
9732
9871
9723
9755
9920
9619
9612
9494
10069
9763
9568
9982
9960
9815
9859
9755
9727
9637
10268
9917
9721
9775
9663
9769
9823
9864
9768
9684
9698
9809
9450
9823
9672
9739
9676
9705
9962
10136
10097
9894
9837
9942
9802
9754
10065
9670
9727
9704
9689
10360
9881
10419
9670
10137
9894
9649
9922
9948
10168
9555
9829
9970
10058
9945
9874
10399
9515
10138
9746
9790
9758
9891
10186
9675
9706
9898
9646
9642
9714
9701
9700
9805
9799
9789
9891
9752
9680
9877
10073
9902
9894
9613
9899
9537
9612
9645
9936
10076
9842
9813
9936
10187
9628
9892
9645
10084
9651
9771
9653
9714
9690
9767
9765
9928
9629
9710
9991
10044
9650
9647
9572
10179
9924
9660
9581
9797
9559
9841
9669
9931
9675
9963
9923
9584
10008
9831
9840
9859
9605
9600
9997
9750
9803
9761
9707
9801
10173
10181
9891
9685
9788
9860
9625
10173
9694
9875
9574
9567
9641
9549
9627
9742
9844
9678
9780
9783
9719
9789
9691
9732
10072
9928
9633
9588
9797
9910
9694
9684
9592
9807
9851
9791
9614
9834
9975
9945
9713
9808
9891
9808
9517
9662
9609
9710
10229
9773
9781
9816
9726
9700
9951
9726
9652
10035
9781
9684
9699
9700
9649
9782
10008
10162
9787
9676
9576
9880
9706
9801
9788
9969
9732
9557
9655
9773
9659
9857
9832
9767
9863
9988
9609
9685
9784
9992
9781
9732
9591
10046
9670
9606
9579
9827
9811
9837
9682
10002
10107
9689
9943
9595
9776
9998
10116
9930
10127
9575
9594
9732
9547
9778
9958
9492
9800
9768
9816
9976
9704
9754
10028
9984
9767
9704
9842
9743
9930
9738
9907
9832
9801
10151
9576
10016
9880
9726
9621
9699
9786
10662
9822
9575
10150
9715
9735
9900
10222
9873
9760
9503
10215
9814
9889
9721
9692
10701
9677
9736
9864
9658
9580
9721
9676
9698
9564
9624
9675
9715
9922
9922
9654
9684
9589
9779
9804
9956
9743
9824
9692
10098
9495
9863
9678
9703
9727
9893
9685
10090
9650
9767
9715
9637
9863
9922
9805
9848
9767
9844
10004
9628
9822
9693
9877
9821
9951
9543
10141
10151
9698
10091
9809
9751
9803
9757
9782
9527
10277
9844
9577
9661
9810
9767
9591
9695
9918
10272
9728
9536
9812
9970
9706
9635
9633
9944
9756
9869
9645
9909
9716
9624
9671
9734
9722
9812
9767
9791
9715
9648
9724
9856
9795
9787
9687
9660
9637
9708
10045
9587
9908
10086
9887
10023
9602
9741
9681
10265
9865
9822
9850
9668
9549
9725
9774
9626
9756
9790
9810
9979
9825
9650
9864
10071
10307
9834
9725
9879
9713
9851
10117
9708
9637
9569
9970
9726
9766
9869
10244
9837
9781
9950
9508
9697
9745
9853
9657
9823
9610
9937
9735
9706
9878
9641
9613
9850
9670
10013
9802
9747
9758
9736
9692
9621
9905
9897
9902
9707
9894
9864
9991
9636
10524
9592
9762
10002
9813
9508
9583
9557
9602
9827
9532
9736
9631
9839
9656
9749
9821
9703
9813
9942
9775
9948
9495
9733
9908
9716
9641
9524
9579
9628
9678
9761
9831
9722
9748
9659
9661
10439
9952
9715
9835
9696
10024
9847
9703
9868
9876
9666
9644
9763
9925
9967
9896
9965
9712
10148
9688
9946
9676
9590
9674
9691
9802
10521
10340
9789
9965
9744
9584
9633
9729
9766
9716
9597
9956
9780
9608
9773
9683
9758
9858
9834
9682
10164
9745
9708
9657
9650
9700
10151
9717
9789
9685
9860
9900
9747
10505
9730
10414
9709
9720
9732
9786
9792
9528
10013
9628
9706
9757
9647
10270
9863
9912
9728
9706
9855
9653
9710
9911
9955
9858
9773
9639
9868
10113
9891
10010
9637
9751
9942
9468
9990
9648
9642
9971
9761
9655
9795
9626
9973
9600
9710
9882
9681
9998
9934
9744
9561
10071
9753
9775
9856
9703
9822
9546
9839
9529
9692
10136
9848
9819
9872
9846
9785
10050
9592
9791
9821
9663
9733
9748
9730
9972
9583
9598
9969
9702
9883
9735
9746
9634
9722
9690
9623
9930
9676
9809
9503
9895
9858
9852
9837
9881
9660
9810
9940
9780
9743
9605
9875
10084
9832
10078
9721
9528
9791
9908
9715
9787
10110
10011
9784
9879
9707
9567
9693
9715
9773
9782
9840
9802
9683
9752
9824
9654
9741
9975
10235
9827
10110
9912
10448
9840
9708
9693
9726
9756
9966
9614
9727
9815
9726
9646
9971
9947
9721
10049
9668
9698
10082
9776
9735
9698
9719
9600
9632
9952
9975
9599
9947
9811
9622
9879
10194
9636
9692
9887
9765
9817
9688
9565
9781
10036
10015
9744
9882
9675
9611
9661
9808
9629
9666
9931
9658
9534
10399
9863
9693
9701
9773
9914
9781
9795
9849
9745
9623
9946
9612
9595
9853
9755
9784
9659
10039
9652
9730
9564
9675
9986
9584
9803
9906
9582
9649
9592
9722
9934
9958
9874
9647
9637
9740
9779
9665
9982
9658
9639
9732
9853
9903
9839
9646
9684
9791
9770
9969
10034
9690
9769
9825
9773
10098
9765
9646
9766
9923
9684
9696
9793
9781
9651
9663
9732
9809
9811
9699
10063
9818
9892
9777
9962
9812
10000
9784
9702
9678
10340
9667
9845
9834
9770
9908
9714
9665
10193
9805
9468
9780
9658
9883
9742
9644
9840
10157
9745
9758
9599
9738
10019
9681
9822
9557
9722
10244
9851
9562
9761
9895
9875
9719
9584
9841
9542
9588
9649
9576
9731
10062
9766
9739
9666
9641
10529
9497
9851
9664
9848
9791
9757
9562
9605
10045
9494
9814
9757
9838
9573
9581
9621
9939
9827
9810
9979
9743
9484
9746
9783
9624
9772
9759
9579
9825
9732
9529
9776
9753
9562
9727
10219
9675
9666
9921
9903
10300
9844
9794
9584
9748
9681
9725
9797
9590
9579
9861
9879
9813
9623
9661
9579
9716
9918
9750
9683
9636
9619
9824
9745
9561
9875
9736
9706
9662
9664
9646
9646
9954
9708
9814
10141
9889
9719
9992
9808
9915
9808
9673
9732
9703
9982
9481
9909
9771
9719
9498
9745
9761
9745
9789
9653
9843
9692
9695
9859
9691
9768
9873
9914
9569
9683
9834
9818
9828
10024
9679
9672
9744
9614
9697
9891
9727
9538
9669
9874
9676
9764
10228
9689
9743
9744
9652
9754
10014
9595
9750
9816
10000
9711
9876
9814
9649
9638
9775
9826
9903
9768
9807
9688
9828
9685
9791
9656
9784
9726
9675
9953
9695
9621
9842
9677
9835
9780
9772
9985
9659
9824
9992
9505
10077
9758
9788
9652
10113
9705
9611
9797
9991
9655
9567
9813
9638
9818
10130
9713
9852
9852
9721
9895
9813
9627
9671
9849
9883
9950
10104
9998
9626
10012
9937
9668
9922
9640
10019
9726
9552
9935
9823
9625
9814
9843
9644
9609
9633
9715
9781
10066
9781
9571
9688
9786
9848
9725
9679
9759
9702
9744
9625
9859
9921
9706
9677
9702
10020
9905
9981
9987
9761
10064
9613
10070
9660
9629
9845
10614
9745
9915
9816
9924
9628
9760
9748
9892
9766
9692
9676
9794
9902
9887
9984
9609
9662
9711
10157
9595
9710
9652
9637
9923
9899
10094
9725
9674
9790
9788
9736
10204
10155
9620
9561
9742
9654
9815
10354
9705
9740
9654
9809
9708
9883
9826
9978
9664
9776
9760
9489
9719
9675
9781
9819
9802
9792
9765
9783
9614
9684
9928
9691
9949
9600
9815
9749
9865
9630
9982
9710
9883
9642
9910
9760
9616
9739
9664
9628
10247
9773
9843
9850
9664
9797
9872
9824
9709
9869
9677
9631
9927
9764
9680
9579
10186
9935
9799
9908
10059
10578
10194
9710
9719
9731
9738
10140
9659
9756
9799
9680
9609
9854
9956
9902
9684
9709
10171
9824
9738
9668
9799
9906
9586
9883
9999
9696
9692
9991
9818
9832
9951
9606
9632
9691
9800
9884
9922
9864
9739
9478
9988
9699
9747
9909
9669
9662
9755
9596
9700
9725
9755
9605
9758
9805
9667
9706
9689
9975
9659
9826
9735
9778
9813
10000
9774
9963
9606
9803
9728
9547
9972
9836
9527
9834
9768
9957
9772
9523
9832
9975
9694
9705
9739
9887
9876
9651
10049
9703
10209
9783
9731
9731
10023
9637
9975
9801
9882
9662
9897
9649
9782
9670
9702
9586
9697
9846
9793
9771
10207
10102
9683
9604
9647
9898
10094
9645
9790
9698
9654
9766
9634
9735
9776
9654
10098
10101
9862
9891
9855
9670
9988
10128
9851
9706
9583
9911
9921
9606
9643
9886
9838
9505
9729
9892
9581
9822
9769
10057
9924
9537
9805
9863
9778
9760
9706
9693
9885
9690
10109
9647
9704
9902
9896
9684
9550
9687
9903
9838
9698
9852
9555
10140
9597
10112
9718
9717
9994
9749
10037
9809
9672
9860
9582
9994
9865
9778
9757
10146
9824
9664
9509
9948
9825
9734
9660
9664
9700
9622
9791
10154
9703
9934
9832
9967
9754
9782
9784
9986
9965
9746
9873
9962
9711
9748
9522
9773
9866
10018
9848
9686
9702
9823
10177
9841
9737
9680
9729
9779
9648
9639
9770
9565
9782
9662
9648
9719
9744
9555
9823
10309
10016
9899
9760
9831
9732
9689
9685
9878
9529
9862
9993
9940
10494
9727
9563
9730
9660
9633
9765
9653
9681
9751
9880
9670
9871
9654
9747
10072
9720
9946
9867
9875
10355
9906
9560
9814
9654
9653
9662
10095
9813
9887
9831
9661
9625
9725
9678
10072
9783
9879
9712
9924
9757
9806
9930
9762
9558
9790
9880
9640
9604
9613
9877
9597
9757
9829
10168
9730
9759
9972
9878
10060
9733
9672
10014
10023
9749
9747
9834
9822
9921
9848
9614
9794
9826
9545
9675
9878
9641
10277
9728
10078
9958
9807
9871
9898
9961
9596
9897
9798
9643
9680
9662
9665
9674
9823
9948
9863
9703
9961
9711
9808
9893
9606
9668
9806
9579
9610
9680
10052
9750
9629
9668
9760
9755
9608
10085
10057
9627
9664
9598
9768
9699
9887
10117
9721
9748
9711
10100
10067
10227
9614
9626
9737
9551
9671
9650
9841
9766
9665
10025
9806
9677
9742
9765
9683
9879
9786
9733
10126
9732
9654
9899
9864
9811
10418
9903
9925
9795
9913
9766
9702
9627
9756
9583
9676
9774
9515
9880
9679
9541
9600
9748
9651
9877
9701
10004
9817
9771
9781
9699
9925
9838
9870
10046
9523
9715
9912
9765
9797
9784
9679
9788
9740
10128
9833
9751
9724
9540
9656
9791
9685
9941
9791
9574
9934
9722
9793
9814
9848
9990
9852
9768
9768
9740
9631
9729
9829
9822
9737
9734
9832
9649
10086
9763
9753
9626
9749
9844
9900
9828
9788
9737
10329
9866
9731
9631
9773
9701
10349
9967
9644
9801
9741
9696
9518
9582
9599
9797
9629
10304
9749
9836
9747
9948
9921
9679
9521
9890
9912
9704
9921
9815
9638
9606
9705
9829
9857
9654
9731
9760
9653
9707
9860
9804
10001
9715
9651
9756
9835
9931
9581
9710
10013
9439
9787
10112
9860
9788
9817
9636
9896
9732
9738
9609
9743
9826
10609
9440
9878
9608
9889
9727
9684
9861
10106
9723
9774
9769
9875
9840
9883
9714
9946
9798
9765
9787
9810
9536
9591
9807
9675
9648
9644
9628
9744
9516
9830
9636
9758
9879
9846
9677
9760
9687
9527
9810
10024
9754
9753
9699
9794
9703
9716
9726
9906
9713
9688
9489
9707
10045
9772
9694
10007
10662
9843
9802
9621
9835
9689
9716
10134
9659
9746
10103
9575
9932
9591
9641
9853
9808
9781
9712
9892
9886
9565
9852
9812
9758
9880
9703
9735
9904
10014
9912
10112
9727
9812
9762
9727
9826
9959
9773
9820
9814
9844
9649
9747
10083
9766
9657
9811
10106
9744
9668
10292
9845
10170
9602
9831
9881
9524
9930
9881
9632
9659
9988
10235
9779
9765
10007
9849
9692
9942
10007
9880
9601
9838
9840
9685
10032
10012
9806
10039
9815
9699
9545
9798
9789
9884
9756
10072
9975
9643
10015
9906
9863
9589
9879
9939
9550
9636
9798
9560
9738
9961
10136
9546
9709
9898
9940
9687
9762
9774
9646
9683
10009
9692
9923
9719
9578
9725
9783
9623
9771
10159
9810
9937
9744
9560
9712
9683
9951
10141
9888
9668
9998
9822
9921
9914
9727
9741
9635
9796
9788
9741
9703
10007
9871
9810
9921
9870
10162
9738
9764
9709
9706
9953
10250
9654
9942
9662
9783
9983
9701
10079
9820
9836
9737
9712
9623
9909
9811
9575
9635
9867
9784
9848
9806
9563
10049
9924
9546
9822
10108
9625
9695
10293
9584
9770
9616
9733
10113
9582
9674
9750
9608
9726
9775
9567
10098
9756
9814
10379
9542
10026
9895
9986
9699
9536
9848
9713
9778
9853
9787
9863
10063
9772
9622
9803
9747
9992
9990
10012
9793
9890
9967
9443
9661
9821
9755
9673
10016
9944
9841
9634
9740
9903
9991
9584
9950
9759
9861
9728
9660
9752
10378
9787
9628
9692
9835
9803
9802
9928
9784
10072
10104
10018
9643
9671
9730
10245
9977
9825
9757
9624
9712
9628
10467
9728
9917
10114
9856
9542
9808
9566
9992
9811
9587
9661
9864
9751
9769
10081
9704
9621
9681
9818
9831
9824
9898
9886
9567
9986
9689
9759
10771
9782
9653
9594
9663
9872
9983
10078
9695
10126
9905
9645
9640
10304
9565
9680
9642
9873
9797
9765
9572
9639
9769
9914
10062
9732
9702
9842
9535
9959
10124
9962
9715
9733
9748
9755
9589
9831
9612
9716
9677
9719
9952
9632
9740
9659
9765
9822
9782
9767
9624
9814
9713
9734
9727
9618
10469
9984
9829
9683
9783
10063
9721
9986
9942
9686
9887
9663
9874
9935
10064
9731
9715
10137
9716
9693
9474
9916
9618
9888
9715
9670
9941
9761
9839
10088
9630
9737
10011
9680
9931
9664
9703
9804
9821
9819
9834
9645
9853
9591
9790
9643
9566
10050
9695
9872
9820
9656
9796
9752
9818
9777
9697
9514
9762
9742
9659
9944
9743
9968
9724
9583
9805
9683
9894
9696
10319
9695
9586
9705
9788
9687
9976
9959
9659
9526
9789
9534
9898
9616
9780
9548
9895
9860
9927
9749
9638
9705
9895
10050
9544
9635
10071
9842
10002
9697
9875
10239
9714
9830
9801
9847
9765
9582
10267
9963
9871
9602
9692
9730
9655
9787
9696
9911
9860
9748
9894
9964
10022
9637
9627
9734
9614
9556
9669
9507
10179
9629
9816
9633
9788
9614
9959
9647
9791
9770
10413
10043
9511
9978
9681
9712
9810
9974
9888
9976
9980
9932
9778
9940
9609
9919
10305
10113
9774
9694
9695
9668
9586
9615
10041
9787
9857
10093
9646
9829
9844
9815
9954
9952
9717
9557
9746
9852
9908
10057
9798
10038
9672
9947
10119
9830
9753
9743
9627
9949
9802
9749
10003
9730
9950
9852
9893
9879
9862
9845
9760
9820
9618
9816
9962
9484
9703
9976
9612
9699
9908
9965
9895
9709
9704
9716
9841
9825
9557
9882
10038
9693
9837
9592
9761
10051
9997
9891
9722
9728
10061
9669
9933
9852
9730
9718
9683
9782
9787
9872
9811
9626
9829
9626
9690
9976
9737
9610
9872
9650
9549
9660
9853
9750
9916
9667
9672
10266
9875
9753
9912
9444
9901
10138
9958
9999
9728
9945
9719
9547
9665
9645
9832
9820
10254
9696
9728
9683
9954
9993
10076
10075
10164
9917
9874
9597
9736
9821
10472
9696
9791
9725
9799
9979
9716
9855
9953
9728
9939
9950
9689
9733
9748
9642
9502
9581
9791
9589
9823
9646
9841
9618
9905
9821
9576
9830
10205
9820
9787
9946
10171
9706
10082
10349
9625
9687
9989
9675
9700
9462
9830
9941
9871
9752
9758
9770
9737
10262
9993
10021
9944
9723
9811
9851
9622
9745
9879
9697
9530
9685
9958
9932
9693
9776
9815
9539
9632
9761
9764
9757
9797
9800
9821
9912
9733
9706
9584
9695
9687
9869
9830
9759
10063
9779
9728
9860
9577
9919
9832
9678
9788
9878
9672
9802
9695
9605
9525
9639
9652
9698
9684
9809
9935
9615
9696
9964
9655
9723
9726
9888
9616
9938
9606
9554
9718
9847
9714
9662
9962
9674
9820
9781
9725
10076
9699
9797
9618
9775
9849
9696
9661
9700
9630
9646
9791
9850
9723
9660
9757
9569
9903
9860
9955
10038
10003
9618
9903
9706
10023
9647
10178
9965
9754
9996
9793
9929
10222
9793
9796
9919
10009
9760
9758
9813
9978
9920
9513
9736
9748
9792
9763
9911
9872
9881
9902
10003
9835
9769
9833
9640
9681
10033
9666
9902
9964
9665
9820
9663
9689
9800
9666
9970
9581
9743
9913
9748
9725
9838
9839
9683
9951
9675
9628
9725
9832
9771
9749
9724
9737
9906
10282
9657
9579
9675
9842
9622
9593
9950
10012
9685
9682
9593
9581
9726
9543
9814
9798
9787
10031
9700
10104
9561
9772
9677
9921
9753
9947
10000
9909
9721
9683
9778
9627
9762
9703
9762
9763
9803
10035
9956
9997
9725
9812
9770
9734
9889
9610
9742
10427
9850
9955
9782
9898
9822
9659
9675
9737
9930
9877
9920
9665
9620
9564
9692
9720
9692
9785
9935
9680
9736
10115
9817
9688
10042
9651
9979
10093
9585
9850
9678
9852
9784
10006
9551
9721
9626
9967
9565
9786
9634
9861
9739
9586
9684
9722
9787
9603
9875
9996
9801
9912
9755
9721
9784
10049
9707
9784
9608
9750
10001
9711
9559
9806
10183
10108
9556
9753
9661
9775
9697
10087
9608
9768
9662
9600
9666
9648
9660
9926
9589
9778
9497
9766
9647
9518
9831
9479
9914
9697
10246
9754
9777
9754
9828
9573
10193
9868
9826
10091
9692
9993
9807
9659
9735
9775
9792
9619
9820
9890
9851
9664
9919
9873
9786
9833
9675
9768
9583
9869
9672
9811
9755
10004
9675
9647
9766
9735
9734
9550
9588
10217
9746
9555
9648
10403
9885
9714
9907
9551
9992
9546
10029
9843
9920
10030
9663
9541
9605
9637
9966
9669
9957
9888
9845
9799
9684
9744
9712
9696
9780
9782
9745
9700
9778
9621
9927
9672
9827
9696
9838
10018
10043
9894
9747
10157
10014
9572
9609
9958
9986
9764
9919
9755
9680
10156
9473
9663
9592
9744
9738
9863
9673
9683
9689
9735
9881
9764
9623
9672
9601
9572
9974
9799
10025
9642
9805
9842
9867
9528
9598
9680
9696
9872
9718
9726
9681
9716
9532
9565
9655
9906
9526
10026
9628
9794
9847
9877
9881
9882
9727
9629
9541
9691
9699
9642
9818
9829
9742
9722
10056
10053
9744
9776
9755
9787
9809
9614
9653
9836
9628
10181
10230
9632
9591
9822
10032
9643
9830
9965
9668
9613
9694
10112
9844
9997
9644
9718
9764
9746
9791
9967
10131
9696
9772
10022
10056
10047
9805
9857
9919
9842
9645
9717
9765
9486
9988
9806
9709
9800
9927
9686
10241
9840
9605
9684
9715
9590
9791
9888
9834
9811
9719
9629
9723
9904
9810
9640
9719
9676
9726
9989
9591
9719
9632
9763
9654
9794
9652
9897
9596
10045
10116
9713
9815
9854
9621
9937
9728
9570
9714
9621
9637
9795
9786
9879
10106
9990
9526
9912
9983
9714
9818
10237
9578
9810
9997
10015
9693
10337
9732
9658
9744
9830
9692
9586
9891
9967
10174
9618
9837
10009
9807
9597
10343
9822
9886
9782
9716
9872
10122
9954
9706
9660
9582
9932
9626
9723
10185
9567
9599
9667
9680
9665
9969
9719
9471
9648
9587
9726
9861
10100
9772
9682
10098
9956
10606
9840
10006
9650
9704
9630
9636
9716
9644
9582
9767
9914
10110
9886
9814
9991
9672
9767
9656
9623
9844
9641
9654
9784
10090
9698
9504
9887
9703
9591
9630
9724
9607
9643
9793
9979
9631
9838
10122
9789
9628
9559
9885
9815
9949
9683
9754
9787
9553
9979
9675
9571
9793
9825
10146
9647
9716
9701
9760
9725
9564
9765
9482
9615
9720
9841
9711
9736
9697
9858
9628
9741
10046
9836
9800
9691
10219
9766
9640
9748
9683
9811
9751
10073
9681
9905
10111
9858
9550
9841
9658
9589
10082
9812
9746
9870
9774
9842
9595
9997
9828
9850
9877
10131
10097
9568
9890
9949
9576
9815
9901
9685
9812
9791
9657
9955
9964
9767
9702
9658
9823
9703
9501
9827
9630
9756
9673
9863
10045
9899
9756
9822
9783
9840
9747
9810
9726
9763
9657
9606
9798
9996
9637
9614
9637
10223
9738
9683
10120
9638
10245
9736
9698
9854
9606
9601
9657
9776
10269
9670
9700
9823
9752
9649
9774
9658
9945
9968
9870
9976
9701
9869
9669
10222
9621
9834
9691
9591
9984
9929
9829
10074
9531
9668
9633
9849
9503
9744
9714
9613
9701
9659
9633
9991
10134
9697
9635
9856
9859
9634
9753
9721
9880
9561
9933
9919
9773
9824
9830
9676
9605
9647
9957
9572
9870
9810
9723
9600
9874
9572
9673
9749
9741
9887
9716
9923
9797
9817
10103
9734
9606
9602
10035
9675
9625
9848
10115
9907
9776
9881
9913
10074
10083
9588
9621
9728
9739
9569
9771
9625
9924
9877
9951
9722
9702
9549
10195
10161
9861
9941
9586
9678
9677
9941
9873
9666
9664
9872
9997
9684
9658
9662
9970
9708
9633
10233
9809
9665
9812
9649
9709
9674
9881
9637
9627
9677
9605
9616
9959
9858
9922
9863
9854
9511
9541
9962
9718
9613
10138
9666
9839
9809
9889
9571
9623
9800
10376
9932
9882
9703
9800
9816
10005
9628
10022
9845
9940
9840
9603
9847
9876
9667
9789
9724
9888
9623
9891
9768
9781
9578
9653
9762
9739
9576
9756
9629
9591
9662
9789
9639
9572
9678
9759
9859
9580
10309
9768
9978
9860
9742
9838
9906
9789
10159
9639
9550
10136
9922
10232
9765
10001
9795
9759
9693
9826
9620
9747
9763
9946
9725
9948
9682
9718
9720
9658
9757
9756
10026
9934
9625
9574
10081
10133
9548
9718
9621
9876
9616
9695
9614
9916
9744
9685
9769
9689
9761
9628
9806
9846
9848
9877
9704
9687
9719
9968
9827
9661
9800
9736
9600
9727
9701
9913
9717
9740
9921
9755
9907
9550
9693
9868
9652
9753
9760
9746
9591
9889
9596
9974
9766
9836
9979
9725
9917
9749
9646
9717
9997
9828
9754
9788
9922
9510
9641
9902
9656
9797
9964
9677
9774
9944
9701
9786
9711
9848
9787
9808
10015
10095
9938
9723
9847
9982
9911
9891
9740
9638
9600
10008
10112
10069
9891
9854
9594
9811
9885
9741
9876
9840
9744
10420
9688
9798
10058
9736
9695
9636
9994
9801
9835
9723
9736
9709
9770
9850
9699
9868
9759
10077
9884
9771
9664
9776
9957
9895
10286
10233
9709
9584
9880
10097
9528
9815
9626
9800
10060
9773
9884
9757
9953
9679
9868
9634
9691
9890
9853
9621
9732
9929
9798
10032
9589
9781
9749
9762
9842
9604
9720
9904
9699
9873
9626
9688
9904
9567
9871
9782
9904
9721
9539
9992
9919
9786
9819
10170
9735
9560
10066
9864
9532
9588
9646
10157
9641
9843
9798
9707
9743
9751
9611
9589
9743
9717
10168
9745
10064
9827
9763
9681
9578
9890
9747
10160
9873
9680
9933
9700
9721
9638
9501
9854
9761
9738
9959
9854
9702
9884
10038
9759
9748
9723
9692
10324
9835
9969
9657
9641
9961
9982
9795
10032
9690
9751
9764
9735
10339
9850
9702
9781
9866
9788
9634
9678
10229
10116
10001
9812
9908
9817
9800
9873
9911
9637
9885
9838
10017
9886
9604
9931
9974
9788
9810
9762
10162
10059
9767
9924
9702
9709
9554
10083
9923
9712
9641
9957
9778
9744
9788
9785
9626
9556
9685
9862
9734
9678
9864
9983
9955
10119
9737
9736
9872
9714
10000
9817
9825
9594
9757
9651
9732
9758
9824
9694
10337
9872
9755
9895
9612
9837
9895
9781
9871
9566
9786
10312
9608
9622
9525
9879
9742
9702
9754
9716
9766
9770
9796
9518
9688
9649
9766
9655
9818
9962
9820
10230
9692
9747
9611
9755
9666
9688
9822
9559
9772
9713
9785
9903
10069
9719
9647
10058
9544
10069
9574
9708
9578
9991
9797
9862
9784
9765
9943
9923
10016
10123
9752
9932
9826
9685
9682
10187
9592
9827
9716
9719
9787
9716
9663
9931
10161
9674
9758
9692
9598
10114
9744
9807
9711
10103
9654
9854
9715
9902
9831
9647
9725
9791
9659
9778
9739
9659
9550
9816
10112
9832
9664
9785
9720
9561
9848
9521
9689
9806
9916
9703
9821
9641
9997
9738
9793
9620
9594
9903
10032
9818
9688
9777
9582
9742
9742
9645
9543
9570
10272
9843
9765
9513
10184
9771
9639
10020
9863
9609
9844
9702
9771
9899
9585
9965
9901
9681
9840
9525
9756
9724
9530
9689
9657
9722
9989
9724
9839
9872
9892
9731
9687
9711
9997
9904
10156
9820
10103
9716
9902
9652
9552
9934
9903
9714
9830
9852
9947
10094
9691
9799
9893
9851
9764
9888
9629
9773
9846
9612
9595
9983
9916
9776
9761
9816
9649
9822
9734
9988
9885
9668
10080
9650
9916
9742
9908
9802
9556
9785
10010
9627
9700
9757
9856
10181
9791
9855
9794
9716
9765
9732
9877
9659
9710
9606
9755
9598
9773
9640
9858
9553
10120
9957
9779
9730
9637
9744
9850
9840
9505
9795
9899
9885
9516
9890
9860
9792
10060
10130
9838
9648
9618
9702
10116
10131
9760
9912
9860
9776
9658
9674
9631
9964
9939
9656
9724
9631
9724
10057
9738
10057
9930
9793
9796
9929
9764
9952
9680
9826
9589
9798
9784
9846
9795
9813
9752
9600
10075
9787
10141
10004
9809
9640
9707
10137
9645
9724
9752
9923
9580
9817
9738
9729
9809
9797
9750
9732
10194
9620
9793
9833
9705
9563
9651
9832
9656
9754
9648
9719
10423
9900
9681
9629
9670
9796
9806
9738
9712
9765
9687
9900
9834
10202
9630
10010
9674
9993
9686
9714
9851
9649
9977
9702
9710
9550
9641
9824
9747
9537
9823
9956
9695
10053
9779
9625
9569
9652
9823
9846
9929
10218
9754
9695
10052
9983
9888
9596
9738
9959
9803
9736
9693
9827
9825
9660
9908
9818
9996
10150
9926
9769
10259
9812
9790
9748
9692
9902
9972
10435
9553
9719
9999
9879
9994
9872
9810
9969
9637
9758
9770
9671
9575
9897
9862
9820
9857
9647
9815
10188
9656
9672
10138
10079
10015
9742
9748
9726
9775
9835
10121
9968
9612
9842
9696
10039
9967
9760
9777
9787
9821
9776
9845
9855
9723
9778
9547
9727
9739
10133
9776
9739
9862
9935
9849
9783
9816
9853
10201
9725
9823
9611
9710
9829
10007
9591
9595
10111
9871
10120
9937
9940
9793
9741
9765
9899
9835
9724
9722
9668
9881
10287
9541
9644
9917
9799
9841
9734
9840
9855
9815
9533
9613
9856
9716
9766
9769
9876
9843
9643
9824
9855
9630
9817
10061
9679
9664
10005
9933
9641
9478
9864
9725
9653
9999
9720
9524
9817
9859
9799
9745
9740
9697
9753
9881
10025
9680
9982
9600
9574
9862
10021
10058
9760
9637
9614
10160
9869
9643
9582
9913
9766
9742
9614
10138
9650
9826
9827
9690
9722
9991
10236
9773
9761
9638
9878
9763
9809
9905
9733
9859
9891
9931
10628
9751
9975
9710
9532
10040
10232
9948
10003
10584
9596
9751
9801
9648
9939
9454
9863
9805
9791
9849
10121
9794
9626
9537
9944
9784
9559
9683
9818
9734
9725
9711
9844
9699
9650
10334
10050
9942
9784
10206
9810
9649
9633
9735
9886
9840
9499
9757
9795
9913
9717
9757
9987
9735
9679
9715
9919
9917
9653
9877
9770
9794
9617
9736
9571
10136
9823
9612
9854
9515
9740
9798
9958
9653
9761
9944
9858
9677
9659
9753
9977
9839
9878
10110
9803
10359
10372
9863
9826
9787
9775
9762
9849
9828
9763
9933
9604
9894
9548
9641
9721
9773
9918
9704
9667
10028
9616
10002
9594
9669
9690
9820
9614
9746
9640
9826
9744
9788
9586
9765
9678
10167
9772
9688
9970
9733
9607
9783
9663
9949
9839
10214
9540
9696
9629
9583
9679
9866
9735
9608
9719
10066
9748
9820
9923
9894
10030
9991
9970
9598
9616
9589
9709
9898
9579
10003
9603
9761
9702
9812
9746
9903
10353
9643
9672
9848
9582
9727
9805
9923
9680
9807
9586
9801
9769
9630
9925
9924
9879
9602
9766
9727
9681
9632
9857
9638
9848
9673
9984
9556
9955
9900
9758
9719
9895
9633
10216
9604
9550
9874
9793
9518
9962
10145
9757
9752
9747
9954
9861
9691
9944
9704
9692
9874
9769
9941
9678
9619
9731
9861
9625
9789
9625
9950
9918
9624
9617
9904
9797
9747
9859
9630
9675
9911
9658
9658
9750
9688
9671
9692
9642
9856
9870
10160
10008
9860
9669
9569
9829
9764
9871
9871
10031
9941
9809
9870
10157
9911
10172
9814
9813
9767
9712
9835
9683
9717
9750
9784
9882
9735
9864
9548
9908
9585
9688
9627
9740
9823
9737
9852
9889
9994
9866
9867
9681
10039
9697
10080
9717
9878
9671
9662
9779
9816
9557
9808
10051
9939
9590
9735
9807
9551
9675
9507
9858
9806
9766
9564
9703
9885
9839
9718
9889
9635
9608
9783
9999
9742
9700
9641
9773
9806
9740
9625
9511
9866
9491
10185
9724
9666
9780
9765
9578
9843
9817
9671
10138
9620
10094
9633
9898
9866
9839
9987
9669
9848
9745
9773
9761
10159
9731
9658
9951
9696
9938
9815
9720
10001
9739
9852
9666
9648
9649
9951
9729
9855
9772
9985
10114
9721
9891
9833
9765
9685
9522
9696
9766
9850
9629
9671
9693
10041
9628
9976
9834
10318
9641
9972
9602
9900
9656
9845
9575
10217
9706
9782
9814
9816
9629
9696
9689
9725
10106
9944
9706
9765
9765
10005
9503
10173
9947
9671
9699
9629
9689
9605
9720
10045
9808
9609
9775
9726
9627
9758
9767
9736
9645
9740
9801
9635
9843
9806
9872
9900
9764
9762
9799
9736
9989
9601
9511
9559
9687
10022
9715
9764
9916
9636
9809
9640
9651
9956
9814
9613
9641
9692
9890
9528
9576
9940
9727
9552
10102
9858
9654
10031
9706
9686
9555
9627
9666
10234
9790
9829
9950
9646
9648
9814
9649
9629
9832
9901
9868
9729
9849
9837
10071
9930
9870
9715
9782
9891
9902
9911
9691
9942
9643
9669
9779
9829
10031
9776
9598
9899
9847
9680
9493
9607
9673
9703
10583
9806
9653
9654
9866
9576
9865
9771
9864
9723
9850
10259
9911
9796
9780
9628
9674
9740
9959
10265
9799
9707
10036
9905
9669
10035
9674
9892
9832
10086
9905
9634
10033
9987
9981
9605
9692
9831
9590
9780
9697
9653
9725
9724
10011
9681
9812
9608
9690
9784
10058
9717
10147
9745
9902
10359
9640
9864
9772
10044
9685
9686
9591
9733
10082
9609
9906
9854
9778
9786
9816
9556
9703
9765
9699
9717
9925
9668
10666
9638
9656
9860
10127
9798
10098
9888
9526
9794
9900
9651
9693
9716
9656
9818
9606
9775
9786
10093
9732
9818
9661
9565
9791
9708
9925
9578
9872
10046
9797
9646
9770
9826
9859
10000
10027
9912
9791
9923
9788
9734
9638
9804
9716
9816
9618
9548
10045
9717
9718
9785
9718
9834
9659
9783
9714
9862
9672
9625
9721
9850
9762
10000
9649
9585
9920
9687
9814
9571
9909
9707
9679
9802
9789
9823
9778
9708
10043
9631
9767
9734
9623
10055
9733
9592
10236
10047
9702
9677
9666
9736
9939
10014
9792
9938
9955
9734
9580
9634
10064
9641
9797
9930
9724
10106
9765
9538
9720
9658
9822
9886
9731
10487
9801
9725
10097
9578
9865
9835
9586
9657
10192
9664
10135
9685
9840
10032
9897
9722
9903
9670
9554
9663
9826
9856
9720
9989
9786
9920
9645
9733
9757
10071
9811
9742
9771
9630
9700
9994
9967
9906
9664
9682
9850
9798
9727
9688
9771
9758
9778
9579
9637
9701
9629
9851
9665
9922
9674
10082
9734
9742
9982
9842
9873
9566
9675
9645
10083
9721
9719
9664
10246
9664
9869
9595
10086
9745
9986
9833
9836
9943
9689
9742
9816
9869
9689
9802
9691
10066
10173
10004
9635
9636
9985
9679
9674
9782
9826
10145
10036
9696
9744
10006
9785
9630
9595
9929
9788
9633
9862
9632
9872
9738
9903
9992
9713
9833
9782
9916
9921
10001
9772
9858
9859
9821
10011
10115
9732
9741
9781
9935
9673
9705
9919
9691
9705
9663
9733
9967
9826
9808
9655
9702
9626
9777
9908
9564
9854
9672
9728
9693
9580
9876
9630
9691
10157
9752
9821
9604
9611
9765
9940
9868
9818
9803
9822
9850
9830
9862
9591
9761
9670
9651
9934
10057
9649
9634
9787
10151
9782
9671
9604
9898
9996
9882
9701
9796
9899
9825
9709
9548
10139
9737
9746
9572
9860
9762
9687
9866
9805
9614
9851
9833
9588
9759
10054
9780
9584
9725
9771
9742
9763
9682
9757
9749
9738
9776
9683
9646
9897
9618
9866
9661
9716
9818
9790
9604
9840
9789
9621
9534
9699
9591
10029
9801
9900
9622
10114
9726
9859
9947
9887
9661
9889
9643
9730
9674
9724
9768
10619
9892
9613
9604
9808
9927
9714
9821
9688
9797
9873
9956
9552
9687
9467
9639
9793
9679
9804
9652
10015
9662
10180
9766
9961
9663
9660
9715
9779
10123
9974
9577
10061
9619
9822
9762
9975
9543
9852
9731
9673
9630
9723
9545
9891
9604
9602
9829
9813
9744
9870
9721
9828
10044
9807
9560
9960
9725
9904
9604
9977
9842
9864
9738
10076
10361
9489
9783
9741
9805
9849
9639
9991
10051
10093
9681
9508
9698
9687
9867
9860
10048
9627
9771
9542
9840
9972
9861
9552
9534
9664
9744
9679
10261
9770
9914
9804
10212
9729
10042
9564
9859
9660
9698
9987
9848
9649
9606
9707
9825
9791
9894
9981
9742
9524
9799
9731
9743
9659
9493
9821
9516
9649
9725
10017
9569
9669
9676
9681
9862
9829
9735
9637
9754
10117
9728
9851
9711
9714
9795
10481
9701
9710
9830
9779
9791
9718
9938
10078
9695
9893
9792
9675
9600
9734
9983
9611
10345
10004
9623
9670
9667
10117
9987
9715
10134
9824
9974
9743
9769
9623
9712
9520
9757
10188
9791
9669
9588
9793
9860
9646
9992
9649
10112
9721
9739
9704
10310
9723
9553
9553
9948
10007
9629
9932
9642
9704
9772
10109
9661
10302
9925
9852
9633
9794
9807
9891
9572
9892
9784
10016
9666
9968
10062
9925
9889
9930
9747
9618
9707
9772
9975
9763
9861
9898
9991
9711
9998
9854
9647
9890
9643
10087
9806
9682
10001
10090
9522
9963
9666
9762
9576
9645
9694
9642
10106
9787
9605
9758
9775
9784
9771
10312
9727
9832
9923
10098
9831
9779
9717
9991
9855
9649
9570
9754
10089
9741
9596
9578
9625
9899
9783
9626
9684
9705
9647
9769
10205
10066
9844
9947
9798
9837
9848
9677
9680
9800
9758
10301
9971
9915
9777
9625
9589
9931
9855
9662
10055
9630
9956
9659
9677
9581
9860
9926
9946
9752
9660
9701
9660
9710
10309
9913
9717
9888
9871
9950
9737
9512
9898
9883
9761
9628
9560
9926
10021
9895
9859
9766
9571
9641
9985
9600
9828
9631
9561
9582
10076
10060
9732
9794
9793
9745
9739
9646
9774
9615
9645
9718
10110
9649
9919
9864
9611
9662
9679
9708
9837
9835
9930
9564
9746
9670
10214
10001
9738
9690
10074
9647
9946
9519
9838
9853
9969
9772
9531
9936
9574
9749
9632
9798
9849
9776
9833
9666
9888
9687
9958
9693
9644
9962
9800
9870
9710
9747
9734
9795
9910
9738
9602
9739
9783
9538
9917
9858
9731
9772
9886
10002
10002
10336
9925
9786
10261
10110
9840
9520
9879
9706
9968
9789
9959
9820
9761
9792
10075
9998
9724
10008
9679
9642
9744
9844
10110
9534
9737
9991
9866
9929
9828
9773
9651
9886
9988
9777
10118
9756
10025
9955
9694
9765
9614
10111
9671
10060
10093
9770
9611
9629
9842
9571
9760
9711
9796
9699
9957
9748
10231
9633
9937
9983
9575
10185
9701
9755
9954
9740
9707
10066
9730
10082
9905
9856
9887
9791
10000
9682
9746
9663
9805
9682
9935
9991
9556
9869
9940
9831
9972
9934
9983
9930
9991
9719
9894
9662
9661
9759
9633
9803
9845
9752
9749
10513
9879
9962
9558
10023
9612
9885
9843
9832
9734
10141
9776
9628
9986
9690
9724
10009
9918
9572
9747
9907
9759
9942
9684
9944
9881
9819
10221
9883
9529
9649
9668
9928
9735
9849
9728
9610
10025
9900
9810
9717
9895
9698
9814
9975
9923
10172
9643
9807
9838
9605
9556
9711
9577
10036
9593
9700
10051
9847
9783
9689
9954
10044
9569
9659
9813
9844
10061
9963
9553
9739
9720
9974
9755
9825
10134
9885
10212
10108
9789
9830
9857
9794
9584
9782
9923
9963
9688
9888
9677
9717
9725
9484
9622
9677
9668
9884
10161
9447
9743
9695
9793
9597
9816
9973
9612
9705
9678
9861
9872
9795
9972
9776
9743
9948
9980
9892
9628
9776
9569
9738
9619
9889
9917
9708
10052
9906
9790
9742
10111
9657
10081
10137
9740
9811
9656
10160
9712
9642
9943
9918
9457
9871
9822
9761
10267
9623
9958
9753
9985
9872
9879
9612
9644
9703
9739
9904
9864
9555
10026
9724
9657
9791
9641
10139
9596
10174
9987
9531
9719
9648
9662
9929
10187
9754
9724
9750
9693
9657
9538
9699
9866
9533
9606
9836
9717
9642
9872
9912
9666
9727
9591
9733
9789
9848
9726
9921
9899
9568
9774
9823
9948
9799
9736
9926
9616
9545
9811
9837
9977
9738
9769
9870
9592
9685
9662
9666
9787
9874
9684
9601
9543
9699
9532
9982
9739
9784
9617
9556
9814
9889
10037
9803
9704
9792
9674
10145
9681
9910
9970
10076
9847
9898
9714
9677
9501
9592
9689
9696
9771
9860
9675
9919
9756
9821
9612
9685
9660
9640
10109
9616
9647
9918
9583
9781
9806
9462
9690
9654
9766
9930
9591
9987
9810
9752
9717
10034
9762
9736
10020
9637
9612
9721
9620
9899
9584
9997
9734
9715
9630
10041
9592
9819
9902
9620
9808
9688
9798
9715
9764
9737
9802
9714
9733
9787
9796
10036
9885
9909
9640
9873
9672
9495
9738
9756
9762
10185
9546
9656
9828
9814
9716
9641
9501
9697
9615
9726
9791
9818
9887
9698
9842
10435
9811
9659
9898
10014
9913
10006
9789
9573
9738
9684
9747
9790
9717
10433
9606
9790
9723
9893
9736
9812
9657
9844
9654
10181
9677
10055
9784
9757
9772
9817
10431
9629
9812
9579
9784
9973
9785
9867
9744
9749
10259
9987
9596
9790
9689
9698
9678
9788
9850
9840
9879
9832
9932
9813
9592
9923
9858
9907
9575
9764
9667
10065
9676
9999
9647
9850
9901
9776
9680
9646
9611
9740
10169
9923
9606
9846
9943
9691
9754
9822
9638
9736
9916
9954
9746
10189
9871
9640
9849
9916
9663
9601
9899
9824
9687
9747
10284
9587
9577
9789
10148
9752
9765
9611
9800
9516
9768
9724
9976
9842
9817
9905
9511
9552
9923
9769
9911
9809
10170
9693
9748
9611
9723
9716
9571
9636
9682
9596
9704
10078
9814
9966
9828
9875
9835
9862
9930
9797
9952
9874
9977
10164
9889
9979
10108
9943
9769
9735
9825
9692
9589
9602
9687
9580
9933
9812
9741
9791
9587
9764
9711
9724
9835
10297
9650
9700
9919
10007
9840
9927
9678
9698
9586
9536
9668
9866
9843
9956
9713
9661
9916
10102
9698
9642
9789
9624
9904
9843
10215
9621
9758
9704
9642
9881
10100
9832
10001
9914
9810
9736
9781
9637
9558
9672
9690
9678
9790
10326
9638
9660
9536
9811
9679
9638
10011
10103
9485
10074
9597
9901
10008
9692
9797
10026
10006
9606
9798
9859
9958
9862
9710
10063
9731
9874
9887
9978
9747
9683
9605
9711
9662
9639
9778
9666
9712
9819
9705
9721
9593
9726
9754
9763
10036
9862
10128
9737
10101
9868
9672
9846
9827
9644
9774
9743
9598
9943
9909
9654
9897
9891
9599
9716
9807
10102
9783
10019
10008
9706
9751
9771
9742
9604
9800
9721
9572
9518
9684
10120
9752
9623
9630
9747
9698
9749
9963
9710
9625
9736
9847
9733
9880
9743
9892
9995
9976
9826
9873
9757
9822
9856
9782
9772
9768
9817
9794
9726
9833
9923
9595
9598
9734
9667
9766
9881
9818
9659
9805
9754
9585
9586
9896
9776
9792
9888
9588
9617
9592
9777
9590
10061
10027
9696
9679
9670
10046
9786
9996
9643
9769
9978
9973
10328
10283
9756
9916
9664
9872
9592
9953
9615
9732
9728
9928
9877
9732
9815
9618
9692
10059
9952
10187
9842
9764
9712
9765
9974
9671
9901
9954
10051
9541
9753
9814
9548
9689
9814
9725
9888
9742
9726
9760
9935
9634
9558
10144
9831
10003
9791
9775
9679
9754
9944
10201
10308
9724
9713
9614
9635
9752
9738
9859
9668
10179
10155
9882
9860
10064
10135
9710
10181
9778
9814
10094
9910
9808
9945
9830
9690
9871
9901
9743
10003
9621
9743
9959
9793
9853
9781
9907
9840
9768
9862
9695
9889
9658
9611
9793
9650
9760
9683
9865
9786
10010
10091
10050
9760
9722
9916
9826
9771
9634
9676
9819
9532
9788
9999
9915
9718
9620
9949
9570
9807
9559
9908
10217
9654
9817
9901
9615
9824
9900
9758
9778
9604
9702
9792
9726
10153
9758
9911
9793
9983
9667
9575
10312
9552
10045
9825
10178
9737
9746
9596
9815
9895
10030
9807
9871
9820
9915
9906
9707
9663
9577
9819
9708
9841
10043
9971
9686
9633
10075
9991
9991
9886
9520
9806
9770
9716
9970
9855
10302
9720
9664
9938
10116
9726
9797
9622
10077
9716
9667
9817
9740
9751
9867
9813
9972
9569
10159
9858
9937
9800
9957
10019
9980
9857
10035
9877
9764
9796
9852
9901
9809
9685
9914
9746
10095
9743
9861
9740
9761
9767
10035
9872
9821
9833
9854
9899
9692
9544
9813
9785
9856
9791
9845
9709
9920
9726
9895
9789
9825
9820
9890
9657
9762
9827
9687
9814
9688
9743
9636
9810
9734
9657
10104
9674
9578
9908
9812
9844
9959
9696
9694
9682
10002
9871
9684
9604
9701
9532
9608
9732
9687
9796
9701
9794
9730
9820
9628
9606
9797
9607
9716
9795
9808
9618
9691
9863
9570
10397
9768
9614
9840
9748
9707
9557
9759
10021
9636
9614
9939
9834
9775
9849
9918
9852
9788
9746
9689
9564
9760
9716
9682
10067
9666
9790
9716
9701
9778
9638
9724
9723
10124
9688
9940
9873
9594
9854
9681
9841
9988
9775
10003
9869
9562
9858
9746
9823
9652
10002
9659
10091
9678
10099
9832
9993
9694
9617
10037
10415
9781
9584
10301
9588
9808
9700
9744
9700
9712
9738
9741
9776
9542
9703
9865
9749
9869
9603
9534
9672
10232
9799
9776
9965
9559
9622
9937
9780
9739
10288
9873
9641
9795
9849
9837
9681
9660
9638
9628
10151
9894
9682
10020
9624
9673
9697
9815
9590
9798
9697
9841
9757
9574
9717
10079
9720
9909
9807
9598
9699
9973
9634
9695
9883
9856
9657
9735
9833
9781
9866
9580
9669
9675
9655
9628
9630
9687
9678
9782
9769
9652
9561
9546
10033
9769
9651
9705
9870
9817
9515
9779
9617
9673
9720
9814
9732
9685
9580
10160
9772
9874
9724
9576
9602
9663
9579
9517
10224
9554
9685
9897
9609
9618
9565
9855
9839
9675
9682
9616
9528
10013
9743
9901
9861
9651
9619
9927
9628
10110
9693
9595
9599
9655
9823
9682
9693
9742
9994
9640
9633
9595
9603
9665
9947
9773
9894
9638
9622
9931
9613
9891
10111
9810
10264
9763
9802
9628
9575
9772
9875
9847
9649
9745
9794
9645
9667
9618
9756
9692
9986
9983
9948
9829
10286
9840
9659
9757
9838
9519
9809
9555
9691
9856
9600
9657
9848
9752
9795
9659
9823
9657
9824
9594
9574
10056
9874
9640
9679
9774
9715
9845
9964
9695
9616
9664
9560
9736
9703
9867
10060
9819
9734
9780
9557
9855
9742
9937
9645
9748
9736
9775
9622
9775
9775
9826
10133
9564
9839
10079
9564
9752
9733
9515
9778
9650
9829
9751
9623
9662
9760
9709
9923
9741
9817
9631
9728
10127
9503
10327
9660
10018
9687
9835
10053
9575
9794
9783
9834
10130
9671
10217
9709
9739
9888
9591
9619
9909
9848
9587
9734
9738
9746
9538
9602
9717
9583
9993
10029
9782
10064
10209
9729
9690
9754
9917
10048
9712
9732
9663
9892
9859
9581
9885
9795
9852
9953
10061
9668
9813
9820
9833
9929
9699
9769
9659
9636
9725
9797
9707
9633
9904
9691
9751
9823
9750
10018
10062
9719
9648
10256
9945
10108
10071
9736
9714
10066
9582
9618
9798
9755
9613
9671
9570
9655
9859
9854
10011
9935
9695
9594
10179
9747
9665
9763
9795
9623
9870
9547
9790
9841
9861
9669
9756
9628
9600
9850
9716
9709
9993
9708
9969
9762
9666
9695
10110
9769
9960
9683
9688
9683
9739
9889
9694
9927
10020
9810
10229
9522
9893
9800
9970
9864
9657
9651
9753
9607
9719
10407
9963
9674
9736
10090
9987
9959
9691
9694
9880
9573
9779
10038
9995
9804
9909
9669
9956
9595
9647
9616
9505
9972
9855
10260
10243
9961
10025
9656
9881
9911
9704
9761
10043
9938
9886
9624
9817
9717
9622
9874
9792
10067
9935
9699
9721
9697
9735
10226
10235
9944
9469
9675
9840
9707
9788
9787
9899
9830
9893
9568
10078
9711
9958
9686
9888
9909
9702
9847
9899
9904
9836
9662
9684
9909
10022
9586
9734
9675
9670
10045
10104
9739
9727
9764
9705
9758
9968
9728
9872
9828
9725
10234
9693
9431
9869
9588
9700
9689
9630
9811
9923
9867
9739
9735
9977
9911
9855
9659
9655
10015
9703
9782
9738
9539
9544
9774
9759
9613
9907
9643
9531
9727
9680
9983
9735
9762
9993
9872
9707
9850
9963
9844
10119
9852
9797
9588
10030
9598
9975
9630
9885
9960
9733
9738
9913
9575
9798
9786
9756
9757
9751
10318
9591
10192
9978
9795
9832
9783
10035
9811
9773
9881
9759
9666
9919
10077
9776
9605
10130
9756
9582
9583
9641
9666
9547
9743
9931
9885
9659
9743
9938
9673
9648
9661
9806
9761
9899
9853
9716
9820
10129
9820
10005
9848
9562
10037
9707
9721
9721
9717
9650
9856
10081
9584
9766
9935
9978
9889
9625
9919
10293
9759
9602
9783
9748
9785
9784
9522
9709
9903
9758
9663
9816
9811
9676
9730
9647
9741
10059
9817
10024
9911
9769
9695
9768
9621
9897
9917
9858
9590
9757
9664
9767
9590
9696
9771
9821
9730
9679
9973
9761
9706
10193
9788
9984
9823
9668
9716
10240
9662
10016
9738
9596
9654
9621
9839
9899
9612
9802
9594
9781
9603
9609
9808
9792
9861
9640
9796
9759
9777
9555
10051
10078
10385
10026
9638
10221
10235
9959
9578
9806
9589
9695
10003
9622
9674
9620
9933
9660
9864
9839
9536
9746
9779
9610
9620
9506
9658
9632
9576
10050
10066
9726
10194
9772
9626
9859
9731
9730
9666
9843
9723
9738
10063
9581
9717
9965
10264
9772
9663
9910
9659
9761
9898
9742
9758
9860
10002
9706
10020
10199
9463
9779
10119
9953
9786
9875
9685
9967
9607
9775
9741
9636
10088
9870
9593
9624
9660
10305
10070
9893
9842
9535
9792
9731
9727
9705
9650
9823
9659
9899
9937
10031
9937
9555
10178
9852
9562
9722
9966
9805
9822
10175
9735
9682
9503
9734
9934
9797
9850
9781
9773
9738
9808
10332
9864
9613
9550
9689
9606
9972
10061
9759
9650
9677
9882
9783
9700
9578
9438
9651
9856
10209
9912
9572
9674
9763
9799
9548
10259
9951
9971
9820
9681
9936
9627
9613
9996
9473
9765
9634
9594
9674
9798
10218
9789
9602
9748
9610
9600
9927
9610
10064
9618
9831
9828
9769
9803
9768
9816
9811
9951
9689
10000
10098
9791
9721
9777
9653
9618
9489
9655
9954
9830
10002
10101
9572
10126
10128
10048
9573
9777
9743
9559
9951
9849
9639
9575
9658
10001
9572
9816
9843
9792
9757
9863
9947
10017
10002
9448
9717
9763
9718
9653
9772
9830
9716
9764
9982
9607
9753
9904
9869
9532
9742
9714
9721
9742
9718
9565
9822
9851
10297
9709
9628
9595
9806
9724
9712
9713
9783
9702
9827
9707
9715
9731
9950
9676
9811
9960
9882
9790
10277
9988
10124
9867
9689
9740
9720
9695
9760
9777
9893
9665
9753
10099
9634
9737
10055
9825
9573
9667
9570
9983
9693
9589
9710
9927
9637
9862
10139
9774
10112
9695
9872
9876
9837
10002
10320
9911
9857
9973
9690
9742
9533
9798
9826
9904
9896
9647
9649
9629
9838
10459
9817
9934
9862
9936
9856
9855
9549
9592
9619
9575
9827
9613
9694
10271
9645
9923
9763
9735
9946
9646
10050
9689
9752
9752
9886
9898
9583
9655
9867
9611
9913
9892
9947
9891
9562
10355
9938
9764
9914
9740
9699
9511
9649
9693
9802
9785
9870
9682
9735
9793
10291
10249
9914
9688
9753
9784
9686
9689
9801
10013
9644
9619
9765
9751
9836
9906
9705
10015
9513
9808
9616
9674
9815
9912
9694
9497
9717
9728
9789
9815
9711
9684
9717
9675
9552
9615
9769
9779
9769
9808
9565
9598
9697
9887
9682
9782
9818
9814
10075
9797
9823
9630
9683
10450
9650
9624
9626
9844
9574
9964
9949
9693
9672
10106
9769
9711
9755
9608
9789
9629
9968
9641
10445
9794
9700
9774
9875
9588
9937
9582
9745
10139
9617
9838
9921
9707
9830
9718
9791
9737
9811
9781
9965
10098
9708
9678
10367
9820
9614
9756
9918
9780
9713
9766
9757
9710
9564
9856
9807
9763
9573
9640
9801
9565
9601
9731
9739
10098
9535
9776
9816
9907
9765
9625
9656
9809
10003
9675
10005
9865
9575
9657
9620
9602
9777
9619
10210
9609
9745
9779
9805
9766
10059
9868
9762
9713
9570
9751
9695
9839
10086
9941
9845
9826
9692
9913
9601
9808
9711
9684
9720
9756
9574
9658
9914
10008
10282
9617
9823
9768
9714
9732
9674
9850
9525
9710
9828
9829
9711
9737
9716
9634
9934
9752
9763
9909
9461
9612
9604
10149
9793
9802
9810
9732
9731
10120
9813
9791
9695
9779
9866
9700
9691
9712
9606
10056
9639
9627
10018
10017
9842
9804
9810
9551
9712
9896
9549
9726
9939
10076
10280
10074
9664
9844
10054
9998
9882
9865
9804
9626
10095
10062
9817
9967
9562
9676
9828
9694
10123
10033
9689
9748
9774
9646
9743
9962
9846
9740
10321
9739
10139
9773
9718
9686
10350
9596
9864
9668
9982
9405
9648
9742
9740
9828
9680
9637
9788
9748
9635
9889
9712
9513
9753
9711
10366
9717
9937
9672
9604
9761
9604
9677
9773
9880
9946
9664
9782
9623
9799
9722
9891
9999
9778
9690
9839
9706
9878
9572
9743
9766
9783
9880
9618
9884
9852
9889
9824
9994
9754
10036
9754
9674
9571
9647
10020
9549
9697
9643
9886
9853
10020
9644
9724
9933
9660
9705
9861
9789
9597
9533
9552
9558
9514
9898
9779
9656
9685
9893
9625
9653
9811
9567
10000
9642
9808
9600
9847
9796
10363
9930
9943
9967
9910
9583
9849
9808
9782
9897
9739
9704
9636
9872
9815
9599
9781
10091
9632
9677
9682
9667
9664
9865
9757
9700
9866
9698
9737
9642
9959
9699
9546
9704
9683
9520
9770
9627
9876
9908
9833
9967
9556
9895
10357
9723
9963
9796
9850
9687
9652
9615
9930
9852
9841
9943
9983
9987
9770
9754
9742
9994
9794
9780
9647
9676
9708
9639
9693
9774
9598
10123
9815
9700
9901
9500
9767
9678
9703
9653
9776
9825
9540
9594
9648
9816
9990
9817
9773
9566
9988
10108
9932
9874
9721
9696
9828
10005
9955
9750
9628
9640
9693
9721
9676
9888
9862
9919
9680
9673
9756
9763
9693
9636
9858
9811
9699
9874
9918
9933
9629
9717
9656
9625
9958
9815
9711
9869
9828
9552
9791
10002
9791
9732
9989
9701
9676
9758
9617
9878
9611
10179
10034
9674
9787
9733
9601
9881
9776
9873
9661
9904
9670
9499
9772
9833
9733
10037
9835
9687
9648
9810
9758
9738
9802
9542
10131
10020
9683
9841
9716
9775
9734
9953
9708
9559
9719
9806
9728
9692
9697
9669
9904
9830
9769
9765
9569
9891
9669
9677
9726
10224
9640
9653
9843
9758
9836
9826
9980
9991
10074
9968
9754
9755
9898
9923
10008
9694
9673
9844
9551
9697
9747
9603
9697
9874
9602
9581
9660
9885
9864
9683
10060
9849
9617
10038
9604
9730
9955
9757
9564
10244
9641
9955
9715
9517
9767
9849
9693
9588
9811
9946
9592
9674
9575
9995
9591
9866
9764
9771
9736
9795
9498
9660
9686
9585
9612
9999
9833
9590
9650
9922
9887
9772
9584
9551
9748
9978
9874
9614
9867
9728
9774
9800
9609
9658
9766
9732
9775
9780
9972
9716
9791
9565
10018
9757
9824
9897
9894
9694
9609
9654
9586
9941
10040
9704
9901
9861
9694
9611
9645
9752
9559
9837
9959
9914
10307
9643
9714
9804
9944
9836
10340
9992
9460
9835
9715
10164
9865
9680
9921
9586
9676
9913
9812
9874
9755
10277
9545
9792
9608
9649
9727
10002
9621
9479
9927
10238
9712
9616
9713
9579
9770
9992
9685
9774
9854
9641
9615
9730
9914
9827
9757
9729
9733
9813
9895
9599
9760
9847
10013
9786
9582
9956
9884
9588
10174
9893
9968
10058
9911
9713
9828
9832
9547
10207
9595
9675
9595
9671
10088
9702
9789
9683
9933
9605
9726
9927
9628
9680
9618
9805
9694
10636
9934
9723
10091
9614
9839
9524
10007
9785
9781
9684
9701
9745
10002
9830
10170
9953
10148
9835
9823
9777
9534
9714
10041
9835
9843
9638
9615
10174
9780
9709
9633
10051
9725
9768
9683
9709
9744
9690
9856
9559
9765
9978
9939
9667
10034
9727
9557
9773
9589
9762
9705
9743
10160
9678
9843
9730
9593
9554
9785
9942
9766
9602
9734
9689
9685
10027
9797
9690
9648
9753
9656
9791
9639
9589
9606
10000
9644
9787
9766
9584
9863
9800
9586
9782
9801
9950
9790
9533
9567
9876
9982
9716
9903
9777
9744
9714
9893
9708
9782
9763
9676
10310
9942
9930
9777
9802
9661
9947
9657
10023
9754
9825
9858
9599
9676
9976
9665
9897
9694
9744
9762
9813
9705
10268
9762
9649
9814
9637
9828
9667
9738
9968
9911
9544
9861
9589
9785
9619
9700
9881
9793
9882
9924
9856
9737
9598
9648
9706
9767
9589
9948
9655
9488
9579
9646
10022
9786
9764
9773
9925
9815
9711
9738
9903
10180
9638
9724
9572
10000
9550
9940
9736
9882
9871
9868
9732
10060
9862
9995
9871
9602
9698
9599
9936
9620
9778
9721
9653
10369
9624
9913
9997
10080
9789
9775
9794
9763
9584
9689
9902
9795
9787
9991
9778
9895
10095
9702
9760
9729
9625
9758
9762
9653
10113
9607
9898
9832
9621
9650
9837
9692
9644
9701
9630
9565
9623
9558
9994
9829
9890
10172
9884
10221
9963
9618
9677
9732
9646
9677
9968
9554
9602
9895
9758
9765
9585
9629
9654
9505
9668
10098
10089
9477
9672
9891
10152
9795
9933
9641
10165
9990
9538
9621
9606
9705
9742
9962
9636
9789
9604
9742
9876
9878
9687
9654
10030
9955
9900
9788
9961
9786
9851
9781
10062
9598
9985
9623
9968
9665
9672
9820
9715
9728
9601
9792
9660
9553
9925
10295
9820
9793
9914
9660
9508
9667
9684
9480
9693
9668
9946
9772
9717
9823
9889
9552
9741
9800
9963
10080
9635
9829
9644
9822
9631
9579
9866
9912
9897
9643
9884
9795
9792
9834
9670
9633
9734
9835
10103
9938
9683
9843
9948
9809
9778
9930
9735
9817
9703
10184
9808
9655
9753
9615
9678
9691
9765
9633
9952
9875
9729
9622
9673
9856
10045
9795
9615
9711
9821
9767
9651
9874
9621
9689
9638
9771
10002
9693
9668
9969
9760
9740
9659
9649
9796
9694
10332
9605
9754
9919
9890
9666
9676
9664
9616
9720
9566
9630
9886
9903
9526
9821
9819
9762
10008
9647
10028
9735
9995
9571
9612
9870
9602
9665
9663
9834
9936
9651
9787
9534
9540
9895
10026
9576
9992
9709
10377
9810
9900
10090
9746
9578
9882
9979
9713
10135
9890
9732
10516
9954
9976
9781
9662
9841
9737
9739
9803
9794
10015
9911
9815
10007
9744
10066
9769
9888
9756
9878
9845
9789
9759
9798
9749
9691
9823
9776
9631
9902
9751
9793
10230
9830
9692
9603
9578
9744
9624
10146
10008
9869
9797
9653
9601
9774
9684
9600
9879
9858
9675
9899
9575
9746
9752
9736
9852
9721
9895
9616
9706
9786
9934
9938
9803
9740
9645
9687
9996
9612
9833
9627
9705
9829
9765
9993
9707
9751
9774
10059
9910
9733
9796
9771
9596
9849
9729
9749
9624
10134
9785
9749
9872
9676
9954
9900
10075
9903
9584
9585
10208
9663
9740
9853
9683
9733
9776
9930
9817
9990
9579
10103
9783
9730
9647
9613
9694
9923
9842
9568
9858
9837
9577
9826
9707
9729
9594
9519
9595
9878
9671
9682
9643
9773
9803
9807
9878
9774
9645
9627
9942
9676
9766
9739
9721
9717
9724
9942
9768
9725
10011
9638
9878
9770
9907
10074
9852
9549
9793
9713
9760
9737
9880
10141
10027
9627
9699
9722
9716
9818
9780
9786
9834
9707
9816
9782
9532
9606
9593
9933
9630
10145
9840
9811
9649
9644
9949
9883
9736
10276
9721
9826
9820
9578
9817
9720
9792
9635
9736
9846
9711
9647
9834
10073
9721
9768
9688
9671
9523
9637
9517
10013
9740
9662
9790
9891
9794
9792
10005
9883
9717
9938
9895
9765
10102
10079
9778
9950
9902
9832
9836
9810
9868
9746
9692
9813
