1000 10000
11397
12493
10211
11481
10206
11476
10643
10414
11230
11667
10593
11831
10526
10325
10817
10638
11745
10762
10878
12721
10652
10601
10455
10100
10898
10534
11419
10910
11779
11504
11141
11690
11952
11708
10897
11109
10945
11094
10253
12193
10852
10399
11801
12270
10621
11563
10802
11049
11312
11357
10682
10631
11970
10490
10370
12286
10878
10148
11499
10706
11102
10331
10656
10773
10069
10805
10648
11571
11389
10690
10341
11032
10368
11091
11176
10533
10690
12108
11017
13082
10990
9835
11288
11801
10756
10786
11339
10724
10856
11106
10453
11433
11246
10815
11754
10714
10543
10754
10698
10753
11206
10306
10516
11105
11142
11020
10815
11185
10403
10463
11562
10960
9961
12372
11688
10671
11290
12205
10212
11035
11413
10339
10242
12328
11179
9998
11050
14487
9935
11003
10727
10290
11259
10674
10674
10577
10885
10618
11801
12622
10721
10712
10983
11215
10942
10932
11107
10799
10980
10904
10954
11410
10458
10123
11807
10582
11010
11923
11469
10260
10950
12062
10603
12188
10521
11687
10702
12156
11230
10818
10790
10116
11984
10097
10941
10540
11225
11389
10885
12059
11250
10258
10302
10658
12714
10861
11014
10407
11363
10557
10684
10422
10554
11190
10948
10510
10718
10552
10761
11962
10781
10722
10262
11127
11082
10438
11395
10432
10989
10363
10512
10970
10915
10330
10607
11624
10225
10172
12982
10860
11004
11487
10670
10523
10334
10170
10232
11279
10305
10964
10989
11047
10377
11686
11234
11558
10791
11709
11357
11756
10048
13036
10545
11007
12008
10660
10413
10224
10394
10709
10765
10030
11297
11131
11864
11409
12204
10278
11460
12298
11172
10672
10505
11218
11038
10704
11522
10612
11405
10018
10860
11628
10944
10954
10631
11024
11056
11619
11073
10073
11080
11728
10407
10620
11132
10343
11056
10994
12037
11073
10792
10682
10640
10795
10263
10273
10771
10133
10897
10199
11278
11129
10490
10837
11811
11135
10947
10361
10915
10846
11512
10518
11251
10491
10025
11690
11519
10432
10465
11063
11467
10822
11749
10434
11766
10351
9835
11742
10131
10315
11987
10445
11676
10536
11629
10983
9883
11968
10433
12281
10348
10269
10520
10675
10594
10913
11089
10251
10898
10647
10282
11194
10031
11490
10571
10828
10226
11040
12542
10339
10972
10137
11060
10807
11054
9846
10473
10191
11172
10786
10261
11045
11255
11719
10520
10527
12090
10150
10511
10175
10148
9981
10226
10090
11106
10527
11625
11448
11641
10405
10179
10653
11711
10478
12379
10339
10941
11511
10972
11410
11063
11388
11474
11127
10285
12883
12230
10261
11218
10057
11325
11023
10694
10827
10634
11127
11498
10031
10725
11611
10093
11870
10390
10598
10726
10562
10640
10931
11504
11381
10544
10057
11144
10261
11828
10607
11772
10306
10517
10596
11490
11116
10347
10513
10849
11514
10719
10260
10860
10591
11217
10762
10970
11213
11993
10427
11484
10818
10449
11482
11515
10072
10067
10994
10777
10336
10438
11292
12385
12018
12099
10421
11945
10443
11040
10711
10888
11279
10656
10995
11189
12907
10125
11268
10828
11434
10836
10988
11729
10769
11189
11832
10942
12702
10630
10148
10986
11180
10892
10825
9976
11998
11583
11325
11131
10658
10043
11131
12064
10459
10846
11516
11105
11818
10760
11165
12285
11542
10887
11028
10986
10912
10835
10865
10412
11123
11531
11593
11404
11014
10544
11084
10926
11203
10294
10594
11030
10709
11576
11001
11074
11196
10545
10752
10962
11807
11092
10342
12129
11419
11049
10069
10603
10647
11572
11292
10377
11965
10405
12183
10455
11298
10059
10100
12406
10184
9901
11686
10144
10411
11231
11003
10791
10866
11577
10868
11220
10726
10331
11482
11034
10181
10090
11068
11993
10786
10789
10300
10819
10869
11510
10307
10696
11123
10737
11641
10742
11093
10772
10714
10645
10568
10020
10757
11877
11114
12787
10857
10961
11831
11200
11851
11957
11509
11487
10045
10895
11037
10364
11197
10780
12321
11438
10905
9961
10721
11558
11147
10315
11828
10638
11004
10272
12109
10929
11150
10909
10212
10575
10644
10727
10272
10175
11011
11834
11485
11086
11541
11223
10258
10559
10528
13186
10719
11127
12225
11360
11389
10983
10643
11196
9921
10913
11686
11568
10087
10885
10350
11198
10746
10864
10741
10299
12045
11949
10634
10855
11006
10286
10652
11963
10142
10014
11733
10782
10717
10748
9682
11113
10752
11660
10651
10431
10731
10288
10240
12157
10765
10460
11505
10191
11694
10693
11488
10366
11659
11011
10558
10409
10987
10813
11620
11025
9868
11054
10479
11292
10861
10573
10835
10937
10603
11226
10775
9973
11438
10535
11103
10613
10875
11865
10794
11208
10119
10483
10869
10330
10457
11326
10895
11557
11042
11333
11586
10662
9950
12261
10884
10633
13004
11085
10915
10726
10416
10600
11607
11094
11389
10770
13179
10896
10961
10208
10319
11480
10404
11224
10792
10775
10320
10476
11342
10795
10412
10546
11028
11076
11402
10945
10747
10370
10620
10981
11698
10655
10219
10323
11475
11590
11911
11415
9968
10302
11359
11137
11136
11616
11441
10840
11637
10602
11660
12918
11427
11406
11577
11759
10432
10611
10850
10596
11124
10525
10387
12115
11430
10641
11657
10971
11301
10357
10945
12434
11641
10200
11332
11018
10584
10730
11616
10018
10629
10654
10941
10005
11445
10416
11677
10841
10308
10196
10400
10722
10107
11245
10114
11898
11439
10668
11462
10512
11250
11967
10682
10291
10899
10853
10532
10789
11680
10182
10086
11388
11869
10447
11318
11316
10109
9723
10621
11492
12892
10471
11248
11338
11175
11059
11313
10980
11609
11391
11443
11751
10084
11024
9968
10932
11054
11236
10766
11335
10715
10408
10857
10780
10813
10392
11558
11199
10879
11126
10126
10968
10305
11221
10406
10308
10527
10212
10634
12153
10655
10737
10566
11067
12108
11600
10662
10558
10285
11008
11328
10169
11104
11240
10259
10255
10843
11179
10893
10839
11367
10473
12101
10592
10249
10654
10349
10417
9867
10928
11333
10387
10663
10993
10234
11642
10782
10908
11177
11109
10323
11776
10155
10228
11128
11497
10569
10837
10990
10380
10496
10762
10758
10462
10891
11115
11250
12000
11317
10506
9942
10256
10434
10771
11053
11517
10207
10582
10611
12255
10661
10292
12057
11589
9985
10564
11246
10506
12242
10268
11221
10882
10536
10574
11365
10945
10602
10358
11076
10607
11089
10315
12541
10712
11217
10876
11038
12185
11411
11055
10632
11851
10964
10411
10680
10342
11715
10084
12337
11182
11076
11236
10142
10438
10936
10219
10216
10674
10818
11724
11582
11170
10199
10843
10447
10955
10302
11954
11487
10206
10416
9993
11370
10155
12737
10468
10440
10993
11002
10397
11897
12494
10977
10538
10301
10029
10473
10469
10894
10722
10091
11115
10902
11889
9815
10686
10883
10880
10156
10804
10721
10841
10339
10764
10858
12496
11041
10207
10782
10485
10965
10720
10816
10609
11587
11510
10668
10799
10906
10697
11406
10910
10895
11007
10760
12651
11530
11789
10145
11023
11007
10404
10245
10509
10899
11399
12050
11251
11755
11467
11231
11817
9938
10364
10704
12315
11008
10611
10625
11983
11093
10916
10767
10376
10768
10781
12128
10630
10185
10613
11338
10952
10519
10572
11437
11245
11456
10655
11398
10974
10688
10732
10048
10624
11293
11057
11372
11057
11947
10905
10916
10455
11556
10804
11851
10653
13288
11136
10695
10713
10333
10667
10700
10863
10894
10335
10809
11128
11370
11205
11431
10594
10428
10881
11052
12325
11183
11438
10998
10884
12978
10917
10441
10843
10467
10386
12347
12229
10259
11444
11106
10202
10857
11007
11144
11394
12269
10302
11265
11164
10859
10682
10679
11118
11280
11206
11523
10545
10302
11480
11906
9844
10932
12229
13447
10617
10276
12339
12692
10490
10942
10854
12153
11673
11329
11565
9785
11012
10015
10282
10850
11311
11212
10161
10751
10290
10223
10700
11096
10488
11195
12142
10485
10935
10194
10486
11531
10791
10232
11254
10686
10362
11168
11652
10893
10451
10623
10245
10855
10887
11167
11424
10961
10641
10469
10975
11196
11073
10665
11791
10275
12243
11882
11476
10973
10385
11514
11213
10273
11788
11157
10564
10441
10801
10679
10796
11395
10820
10919
11903
11528
11712
11136
11071
10666
10988
10968
11065
10936
10538
10257
10852
11447
10657
11659
11039
10299
10977
10793
10970
11003
11871
11100
10418
11073
11138
11601
10885
10659
11056
11924
11521
10530
11324
11311
10365
10026
10677
10984
10646
12069
10701
10870
10576
10629
11423
10735
10264
10952
10200
12327
11767
10580
11127
11333
11124
10497
10951
10926
11362
11647
10070
10126
12214
10869
10467
11087
12190
12194
10394
11095
10646
11426
10951
12157
10619
10635
10581
10450
10817
11825
9977
11335
11430
10921
11391
10673
11281
11949
10515
11618
11262
11957
10561
10303
10800
11541
10417
10116
11089
10496
10969
11265
10299
10050
10280
11259
11233
11052
11961
11326
11691
10330
9986
10775
10698
10704
10669
10859
11234
11046
10770
10421
11715
12282
10986
11075
11331
10064
11867
10264
9957
11749
11897
12143
11459
10335
10398
10661
10467
10597
11128
11610
11270
11470
11502
10642
11114
10945
11494
10759
11298
10325
9937
10173
11348
11380
10579
10498
11175
11369
12487
10586
11305
10753
10869
10562
12564
11070
11369
10318
10691
10748
10038
11900
11077
11354
10669
10300
11866
11121
10786
12942
10874
10654
12555
11560
11650
11064
11169
10676
10271
11268
10628
10871
11540
11379
11934
10826
11348
11646
10625
10156
11650
10672
10732
11121
10609
11182
10737
10984
10640
11610
11021
11951
11405
10452
10275
10310
10882
10461
11398
9984
10229
11897
11734
10681
10357
10901
11591
10752
10822
11009
10776
10612
10536
12612
10394
11014
11330
10537
11257
10726
11257
10184
10071
10675
10424
11709
11886
11392
11520
11224
11420
10318
10233
10850
11199
10660
10643
10614
10984
10299
11287
10980
10252
10827
11336
11756
12136
10944
10156
11567
11374
10236
11265
10099
10645
10891
12262
10814
10552
11515
10412
10516
10928
11188
10764
11198
10217
10202
11091
10928
10232
12117
10298
10282
11473
10367
10809
10522
11625
9932
11214
10666
10406
10802
11894
11222
11314
10354
10402
10564
11063
11335
10352
10178
11524
11247
9941
12619
11375
10249
11400
12364
11057
11164
11181
11007
10759
10474
10475
10198
10712
10867
10469
9903
10700
10774
10220
11292
10634
10883
11041
10221
11057
11068
12066
10207
11533
10789
11317
10596
11143
10537
10599
9950
11316
11396
10153
10360
10501
10519
10585
11283
10732
11454
10125
12471
10673
10969
10698
9790
10226
11636
10504
11691
10281
10872
10909
11647
10437
10537
10720
10804
12353
10351
11175
11120
10723
11281
10694
10978
10814
11023
10022
10942
10288
11022
11263
11879
10930
11383
11202
10644
9990
10865
10585
11773
11092
10461
10845
10770
11183
10408
10570
10957
11588
11993
11828
11162
11886
10876
10059
10616
10255
11495
10788
10803
10597
11657
11382
10475
11408
10265
10566
10613
10015
10269
10998
10412
11437
11636
10820
10141
11057
11003
10551
12148
10461
10380
10502
11797
11634
11674
11993
10655
10148
11147
9953
11251
11369
11785
11007
10846
11013
10326
10964
10677
10319
11039
10475
11523
10727
11004
11218
11351
11359
11456
10831
10373
10635
9896
9823
10089
11376
10344
10959
10467
10716
11549
10822
11001
11824
12055
11477
10790
11397
10723
11117
10520
11239
10837
10837
10421
11235
11102
10307
10061
11954
11205
10765
10310
10576
10978
10748
10328
10223
10477
11171
10908
11528
10724
10830
10747
10128
11091
10707
11397
11760
11787
10742
11009
12139
10461
11078
10849
12033
11440
10880
10619
10707
10016
10473
9693
11942
10646
10420
10975
10244
11297
10680
10357
11872
11142
10373
11062
11024
12410
11166
10184
10739
11182
10530
10683
10752
10904
10402
11034
11218
10839
12079
10693
11146
10309
12352
11451
10925
12330
10944
9868
9972
10819
12142
11861
11317
10144
12766
10708
10606
10819
10200
12651
12144
11520
10869
10596
10226
10936
10420
10319
10601
11396
11250
11349
10118
10858
10655
10326
11162
10073
10786
10543
10208
10625
11503
10420
10658
11291
11583
10941
10598
12046
9939
10670
12272
10748
11409
11242
10952
11460
10454
11051
11323
11109
11036
11268
10357
10862
10995
9782
10813
12723
12380
10431
10488
11932
11079
10735
10949
10443
11518
11488
10310
10103
11860
10794
10258
11357
10541
11735
10186
11177
12111
9916
10355
11132
10252
11107
10433
10752
11356
11504
11257
10934
11283
10118
10271
10709
10279
10809
12085
11383
10155
11156
10241
10813
11050
10461
11309
10394
10631
10988
11397
9899
10426
10522
10630
10587
11016
11678
10846
10975
11510
12460
10793
10705
10511
11666
10602
10245
11278
10978
10741
10386
11586
10854
10905
10330
11756
10436
10950
11188
11458
10974
10100
12276
10739
10498
11381
11652
11139
11179
10638
11867
12237
10307
10052
10453
10208
13200
10770
10167
11343
10480
11922
11712
11957
12409
10662
10964
10768
10178
10934
10780
10424
10885
10606
11498
11915
10346
10679
11104
10889
10130
10066
10289
11950
10941
10731
10529
11322
11506
12314
10445
10701
10697
10425
11724
11772
10326
10779
11153
10436
9868
11390
11666
11662
11635
10359
13634
10008
10506
12152
10681
11711
10467
11684
10880
10751
11428
11328
11632
10718
11566
10088
10396
12211
11091
11048
12093
9927
10323
11091
10330
10403
10867
10715
10532
10404
10973
11650
10873
10321
11060
11275
10375
10685
10168
10829
10350
10870
11351
10434
10294
11423
10720
10753
10209
10782
10843
10001
11364
11291
10093
9989
10637
10789
10772
11706
10656
10540
10978
11636
10339
10891
10401
11991
10791
11387
11182
11557
10645
11492
10163
10742
11651
10239
10712
10870
12386
11436
9964
11336
10664
10412
10982
10614
10568
10626
10637
11477
11088
11383
11556
10723
11239
10810
10940
10959
10124
11207
10770
10838
10202
10557
10678
12122
13821
10473
11130
11506
11115
11703
10402
11065
10897
10491
9965
11306
11688
10487
11400
11771
10425
10250
10428
9981
11373
10900
10172
10511
10605
11867
10576
10290
10561
11110
10198
10522
10292
10995
12100
12435
10145
11106
10902
11443
10288
11092
11054
10755
10871
11968
10796
10409
10809
12634
10537
11203
11462
12082
10511
11419
11912
11635
10543
9883
10267
10813
10706
11127
11130
11277
10858
11485
10730
10738
11680
10930
10902
10509
10498
11227
10262
11497
10274
11864
10911
11808
10280
12432
11572
11390
10873
10568
11767
10402
12865
12527
10882
11011
12364
10758
10852
10549
11731
10448
10324
10773
10825
10554
11089
11773
10739
11372
11361
12881
10434
12226
10806
10871
11191
11183
10043
10987
10775
11004
10403
10359
10492
11732
11700
10631
10781
11875
10079
11673
10102
11088
10732
11249
10971
10965
10722
10809
11117
10636
10791
9998
10520
11111
10537
10461
11636
11176
11149
10254
10288
9848
11319
11503
11306
10960
10933
13074
11239
10845
10813
10660
10480
11117
10589
11031
10156
10688
10431
10307
11096
10484
10445
10777
11377
10919
10891
10758
10908
11746
11019
11102
10017
11109
9982
10728
10535
11577
10570
11646
11291
11557
10377
11270
10973
11000
10478
11111
11219
10737
10557
10745
10953
11160
10611
10498
10579
10722
10772
10447
11074
11740
10013
10730
10549
11075
10859
10681
10361
10601
10563
12985
11046
10506
9966
11005
10972
10749
10122
11062
11696
12176
10027
11003
11469
10823
11267
11232
10154
10203
10815
10459
11100
11612
10510
10555
11058
10788
11034
11657
11220
11597
10487
11114
10846
10758
10467
10940
11107
10029
11025
10478
9997
11649
10704
11313
11169
11954
12117
10626
11249
10592
11173
10801
10183
10863
11103
10845
11150
10796
12223
10804
10777
10416
10645
10858
10723
10098
10568
11146
10277
13112
10235
10031
11583
10270
10565
10274
10422
10882
11384
10191
13086
10429
11905
10820
10436
11051
10681
11124
11090
11686
11788
10590
11356
10848
10469
10687
11084
10612
11559
10259
10797
11062
10481
11598
11438
10392
10102
10352
10213
11419
11344
11761
11873
10756
12414
10925
11001
11242
11204
10541
12601
10328
11725
10720
10518
10932
10795
10694
11334
10008
10391
10647
11266
11125
10231
11719
10480
10926
10096
11739
10415
10210
11083
11665
11529
10687
10826
11392
11085
10958
10503
12558
11596
10951
11326
11324
10328
11835
11507
10834
10891
11124
10407
10828
10342
10735
10818
10635
10639
11944
10636
11316
11365
10298
10479
11028
11892
11701
10962
11121
10688
11200
10054
10317
11709
10528
10482
11525
10389
9864
11581
11390
11080
10754
11666
10442
10228
10868
10504
11293
10409
11450
10534
11653
11423
10737
11607
11312
11031
10403
11733
11052
10606
10965
10174
10583
10409
10427
11401
11322
10256
11088
11549
12709
12675
12228
11397
10219
11349
11108
11820
10160
14487
10822
11068
10983
11152
10586
10964
10690
10482
10734
10809
10432
10283
10425
9885
10251
10254
10062
10828
11225
13718
11152
10473
11668
10739
10885
11239
10869
10149
11201
10256
9986
10683
10512
10320
10320
10138
11501
11540
10636
10636
11669
11568
11059
10852
10640
12432
11671
10566
10153
10420
10536
11662
10184
10791
11106
10797
10074
11158
10194
10524
10754
10250
11487
11445
11237
10470
11851
11709
10873
11189
10272
11597
11022
10913
10191
10376
11497
10538
11061
11551
10348
10258
11375
11145
11020
10605
10712
10995
10030
11048
11841
11313
10811
13308
10893
11396
11154
10813
11687
10855
10873
10969
12097
10647
10586
11016
10682
11630
11723
10898
10345
10533
11897
12163
10338
11222
10018
10302
9468
10752
10762
11490
12415
11279
10603
10762
11061
10650
10875
11079
10327
11239
11227
10637
11514
11433
11038
10160
11046
10607
11222
10338
10365
10622
11274
10628
12033
10216
11139
11132
10644
11821
11129
11298
10537
11181
11201
11196
10756
10822
10774
12907
11279
10542
11652
12820
10478
10991
11324
11215
10669
11351
11441
11312
11176
11271
10312
11845
10716
10911
11250
10854
10994
11366
10192
11491
11002
10950
11752
11144
11690
10915
11217
11930
12319
11511
11202
10555
11292
11783
11469
10031
10311
10430
11110
10024
10161
11108
10475
11442
10346
9966
10197
11214
11714
11250
10923
10511
11518
11115
10119
13389
10866
11807
11154
10755
10298
9871
10965
11144
11991
11687
10593
10889
11637
10851
11525
13103
10805
10494
9790
11095
10679
10853
11576
10431
10757
10813
11279
11025
10987
13051
10531
10430
11014
11782
11211
12602
10493
11227
11590
10159
11289
10893
9997
10159
10035
11813
10763
10865
12035
10455
12274
10928
10658
10450
10721
11370
11254
12320
11082
12223
10731
10897
10564
10846
12143
10244
11004
11265
11723
10739
11025
10590
10440
10724
12322
10565
10444
10519
11337
10201
10715
10317
11330
10932
11971
10920
10328
11743
11042
11309
10976
10470
10715
10262
10581
10539
12071
12122
10374
10637
11594
11369
10569
11219
10625
10722
10568
13465
11821
10415
10595
10857
12930
10172
11351
10107
10270
12932
10835
9726
12287
10659
10768
12353
11512
11583
10844
11108
10230
10056
12393
11340
11804
10402
10491
11889
9848
11343
11395
13075
12843
11354
11150
11701
11123
10367
11676
10770
10652
11019
10871
10938
10430
11481
10429
10971
10963
11003
10251
11258
10808
10474
11160
11519
10354
12664
11384
12658
10526
10276
11222
11577
11340
11250
10607
11316
10507
10610
11712
11232
10414
11515
12101
11248
10427
11832
10814
12079
10945
10065
10619
10562
10377
11532
11051
10996
11320
10799
11377
10480
12056
10531
12252
12195
10497
11231
10424
11634
10907
11229
10652
10293
10664
11017
10725
10294
10317
10320
11389
10855
10007
11021
10058
11091
10768
11129
10901
12060
10646
10097
11112
10671
10125
11432
12001
11145
11541
11958
11136
11622
10141
10881
11504
10949
10996
10390
11105
10124
11427
11547
10771
12181
10499
9962
10817
10392
10454
10919
10805
12692
11005
11020
10460
10976
10352
11812
11073
11390
12128
11564
10690
10663
10427
10548
10581
10506
10757
11013
10893
11051
11603
10095
12281
10629
12535
10651
11279
10223
10684
10908
11673
12232
10535
11782
10090
10929
11246
11203
11241
10730
11944
10971
10274
10251
10462
10111
10683
11530
11525
11289
10438
9934
11768
10618
12843
10652
10228
10117
9711
11344
10589
9971
10486
11311
10481
10297
10703
11606
11484
11097
10973
10546
11283
10708
11060
10728
10899
11113
10164
10686
10779
11057
12022
10857
11193
10841
11033
11516
11612
11315
10648
11423
10913
10870
10269
11287
10878
12438
10159
11805
11466
10312
11711
10392
10345
10239
10796
11868
11436
10853
10137
10614
11007
13024
10697
10250
10233
10901
10459
11107
11910
11097
10551
10044
11145
11079
11155
10291
10777
10965
10653
11508
11441
10907
10860
11140
10808
10828
9953
11596
10918
10691
11699
11373
10377
10274
11080
10296
11640
11192
10669
11844
10450
10493
11650
11716
11415
11362
11287
11345
10507
10117
10992
10949
10271
11354
10814
11602
11471
12220
11248
12165
10654
11922
10486
11379
11195
10032
9923
10705
11880
10993
11276
11003
10536
10394
10418
11513
12233
11635
11220
10226
10459
12641
11236
11204
10930
10909
9845
11500
11371
10212
10950
11292
11521
11110
10834
10245
10644
10610
11584
11971
10924
11516
10485
9972
11005
10615
11283
12960
10368
10770
12317
10873
10884
11056
10749
10519
10477
11480
11352
11826
9957
10491
9778
11113
10611
10740
10296
10617
10350
11727
10021
10440
11002
10059
10926
11834
10477
11368
11390
11292
11811
10603
11403
10261
10965
11278
11412
10146
10996
12534
10353
10768
11159
10965
10313
12427
11206
9942
10321
11311
10852
11307
11111
10969
10180
9977
11530
10166
10181
11169
10679
10392
10711
11793
10584
10605
11221
11069
11486
10689
10719
10892
9818
10817
11501
10690
11728
10570
10439
11491
11305
11101
11957
10321
10122
11140
11721
11849
10849
10896
13017
11623
10603
12047
11376
11590
11700
10851
11522
11036
12157
10847
10874
11458
13180
10963
10701
10515
11082
11446
11057
11011
10525
11172
11509
11540
11966
10492
11268
12344
11340
9713
11064
10224
10812
11747
11943
10394
10694
10043
10883
10556
11024
11442
10309
11056
10765
10837
11163
12564
10062
10406
10607
10881
10115
11259
10787
11640
11551
11817
11108
12200
10654
10725
10310
10611
10474
10933
10557
12081
14399
10107
12529
11274
10537
11485
11870
11893
11466
10947
11247
11419
12198
10604
11366
10370
12564
10681
11479
13162
11336
10741
10991
10546
10586
10988
11955
10955
11034
10702
11389
10991
11322
11045
12660
10410
10127
11429
10494
10989
10297
11052
10841
12231
10565
11441
11038
11006
10196
10304
10624
11772
11074
11018
10309
10530
10941
10774
10171
11046
10427
11619
11041
10966
10337
11042
10246
10435
11208
10915
12496
10901
11088
11091
11405
11281
10734
10608
11310
10328
11079
11359
11076
10587
10522
12010
10433
13277
10300
10864
11756
10697
10925
10070
11387
10506
10215
9888
10010
10328
10281
12473
11614
10878
12028
10800
10237
11439
11411
10692
10931
10720
10840
10868
10356
10407
11936
12166
10973
10871
10180
10151
11037
11388
10690
10119
11487
11237
10973
11527
10554
10678
11111
11234
10354
10967
10752
11687
12736
10651
11006
11030
9827
10949
10422
10766
11336
10499
10702
11173
9958
11350
10895
12150
10083
11080
12167
10177
11158
10756
10949
11071
11437
10413
11539
10799
11392
11782
10258
10510
11178
11581
10540
11585
11134
11405
12108
12413
10435
10313
11117
10344
11251
10771
11972
10993
10695
10989
11504
9916
11054
11398
11353
10770
11781
10266
10923
10512
11932
10668
9825
10919
10361
10374
11177
10992
10443
10573
11486
11619
11047
11826
10130
10628
11525
12883
10780
11656
10624
11824
9765
11409
10608
10656
10748
10857
10649
10287
10965
10998
11361
11918
10205
10932
11071
10231
11673
10317
10070
10726
11060
10475
11360
10871
9884
11762
10791
10316
11486
10177
11257
10327
11567
10882
11118
10374
10486
11909
10565
10834
10476
10697
10902
10647
11283
11803
11670
11992
11293
10157
11363
10304
12247
11712
11363
11252
10657
11935
10842
10232
10876
10747
10194
11789
11303
10826
11082
12027
11855
10313
10833
11307
10645
11528
11177
10779
10387
11019
10955
11023
11411
10400
11654
11459
10256
10716
10748
9955
10581
10326
10732
10347
10358
10982
10770
11270
10099
10997
11246
11030
10537
11196
11085
11181
10475
11010
10237
11335
10389
10769
10312
10583
10754
11352
10689
11795
11421
11541
10738
11916
10160
10484
11873
11093
13193
10600
10456
11103
12403
11118
11105
11273
11141
11575
11326
10604
11123
10322
10579
10653
11581
10830
10552
10900
10519
10667
10405
11279
11284
10538
11586
11094
10972
10448
10739
11838
10809
10264
10619
10929
11356
11204
11221
10351
10547
11191
10053
10285
10951
11623
11060
10755
10462
10478
12669
11276
11450
10451
10872
11256
10067
10629
10493
11918
11117
11212
9958
10340
11261
11287
10781
11927
10638
11124
10643
11907
10668
11007
10308
12132
10229
11533
10577
10794
10047
11136
10470
11070
10527
10771
10318
10539
10612
13336
10507
10982
10714
10281
11478
11835
10382
11387
10001
11685
10631
11977
11708
10589
10456
11151
11057
11068
10970
10404
12849
11030
10618
12595
10492
11504
11446
11105
11475
10111
11281
11109
11934
11491
11163
11917
10605
10889
11196
10757
11258
10443
10317
11790
10880
11177
11643
11595
10685
10713
10950
10003
11976
10612
11183
11855
11178
9956
9877
11703
11473
10295
10402
11369
10921
10775
10869
10663
9842
11968
13586
11332
10498
10584
12679
9951
11823
10748
9643
11705
11009
11441
12274
11206
10582
11284
10942
11057
10429
10514
12010
10445
9948
10489
10990
11758
11166
10892
10436
11264
11553
10854
11134
10285
10572
11109
13277
10891
10630
10300
10703
11916
10081
11538
10876
11553
10562
12174
11153
10255
10302
11108
10652
11008
12226
10242
10812
10788
10690
11462
10027
10978
11156
12035
10619
11347
10552
10938
12109
10332
10237
13855
11080
10551
10522
10384
11789
10571
11308
10481
10479
11424
11045
10965
10237
11102
10946
10470
10716
10706
13805
10242
10791
11858
10095
10485
10786
11535
11351
11455
12470
10326
10683
10214
12917
10379
11287
12171
10999
10212
10095
11088
10369
11658
10719
11009
11683
11599
11440
10566
9976
10921
11660
11506
11371
11752
11458
10367
12372
11916
13559
10177
10359
10496
10394
10172
10352
10013
10844
10312
10833
11333
11649
10852
10363
11109
11620
11260
11823
12685
11029
10984
12193
11439
11421
10683
11315
11904
10618
10821
10989
11337
11632
11574
11567
10934
11041
10356
10650
10761
10656
10782
11275
10923
11122
10157
11191
11788
11243
10474
11477
10855
10264
10376
11285
10132
11336
10852
11595
11044
10324
10716
10998
12173
10671
9979
10475
12727
11533
11704
11595
11066
10640
10559
11741
9965
11314
10467
10688
10813
11261
10434
10688
11709
11386
11509
10652
10378
11118
10024
11966
11428
10536
11280
10561
10412
10531
11241
10729
10482
11002
10366
10835
11832
11973
11729
10286
11136
11379
11204
11003
12480
11025
11322
11455
12677
11316
10456
10812
11651
11094
10712
12489
11278
11655
10069
10208
12233
10541
11875
9982
12034
10875
11376
11559
10802
10995
12494
11772
10622
10177
10867
10873
11340
10143
9962
10698
10631
11407
11152
11857
11171
11625
11226
10712
10091
11089
11985
10340
11666
11115
10686
11014
12282
10304
11069
11283
10288
11963
12641
11180
10724
12441
10959
10187
10720
10319
12323
11018
11040
10509
10455
11012
11017
10230
10552
11177
10327
10490
11963
10796
10497
11118
11088
10361
10427
10699
10385
10122
10744
10105
10152
10603
10835
11836
11476
10317
11133
10851
11515
10908
11209
11492
11016
10567
10976
12091
10463
10462
10643
10973
10662
10510
10680
10048
11518
10319
10784
11691
10138
12354
10622
11867
10802
11307
10186
11397
10241
10752
10011
12568
10906
10792
10100
10175
11340
10916
10631
11001
9867
10625
10470
10631
11248
10704
11373
10910
10851
10154
10481
10768
10932
11659
10358
10777
11680
10567
9957
10970
10978
10733
10612
10955
10753
10444
11138
10656
11065
10343
11061
10248
11350
11659
10321
9974
11932
11473
10206
10882
10746
11443
10622
11934
11129
11687
10432
11958
12418
10404
10755
10693
11146
11410
10081
10799
10409
11348
10232
10936
10927
11703
10795
10083
10926
10754
10184
11606
10205
11388
11289
11293
10929
11489
10553
11882
12628
12054
11228
11768
10854
11495
10019
11433
10436
10776
10770
10391
11017
11153
10843
11558
10766
11319
11096
10446
10800
10721
10707
11190
11863
11391
11074
11723
11427
10353
10878
10658
10674
10448
10484
10347
11972
10562
11096
10020
10254
10702
10622
10431
11252
11904
11135
10522
11605
11685
10745
11566
10278
10344
10402
11006
12458
12086
10793
10553
11734
10817
10950
11713
11360
10575
11868
10934
11163
11770
11832
11197
10787
10895
10241
11728
10807
11150
10844
10469
10340
10693
11690
11211
9882
10316
11633
11631
9729
11035
10687
11270
10447
10569
10881
10619
11394
11153
11738
10997
11122
10101
10490
11040
11470
10973
10363
11203
10419
10841
11404
10627
10641
11238
10565
10866
11293
10180
11877
10920
10228
10808
10255
11584
10286
9984
10432
12706
10911
10640
11297
10593
12200
11236
11919
10428
10465
11119
10894
10875
11186
10674
10341
11333
10387
10639
10746
10501
12804
10843
11769
12176
10912
10679
12554
10708
11433
10952
11201
11699
11947
11487
10876
10672
12035
10975
10533
10808
10457
10651
10983
11050
12253
11003
10559
10780
10905
11253
10823
12075
10774
11998
10598
12074
11388
10424
10679
11370
10731
10765
11042
10677
10721
10690
11981
11101
10399
10969
11026
10792
11197
10992
9917
10846
10447
10980
11277
11165
11116
11647
10233
11249
10598
10781
10260
10742
10930
11927
11746
11309
10705
10920
10812
10031
10860
11116
11174
11029
10589
10830
11412
11393
10348
11668
11399
11701
11894
10890
10526
10478
10641
10919
10261
10843
11210
11193
10601
11002
11393
10533
10799
10791
10709
11482
11549
10084
10512
10909
10706
10957
10883
10668
12150
11350
11008
11216
11040
10585
11278
10361
10274
10186
10943
10761
10674
11326
11575
11099
11682
10923
11412
11843
12324
10273
10710
10735
11857
11066
10500
11162
10641
11148
10218
10471
10577
10588
11259
11403
11140
10121
10157
10669
11520
10616
10760
12499
10932
10771
11049
10793
11031
11098
11551
11788
10525
10826
10628
10791
11490
11310
10334
10238
10736
10332
10705
10620
11009
11366
11438
11034
11289
11877
11856
11244
12853
11754
10609
11339
11157
11055
11230
10759
11659
10918
11624
10786
11768
10666
10351
11431
10532
10328
11919
10607
11688
11883
10420
10850
10746
11770
9668
10834
10739
10565
11149
10834
10448
11071
11072
11142
12075
10431
11019
12021
10983
10506
10435
11098
10628
11391
10160
10793
11229
11517
11617
11067
10477
11229
12220
10973
10537
11634
11070
11006
10961
10494
11505
10488
10751
11788
10592
10720
10691
10602
10237
10978
11169
11482
10520
11912
11910
10720
10750
11238
11285
10419
10127
11465
10328
10497
11314
10265
11153
10543
9880
12789
10293
11317
10092
11558
10650
10209
12086
10479
10349
10867
11226
10174
10583
10359
11496
9773
9874
11177
10803
11081
10239
11537
11299
10667
10405
10027
11223
10352
11501
10799
10372
10568
10945
11076
11010
10368
10782
10880
11305
10798
10922
12214
11950
10575
11766
11457
12071
10197
10511
10188
10230
10427
11038
10561
10470
12284
10926
11318
11295
9977
11215
10017
10500
10306
11651
10826
10278
9905
10055
10970
10635
11105
12619
10295
11235
10516
10865
10965
10515
10868
10815
10873
10769
10614
11045
10887
11349
10619
10742
10234
11096
11171
11198
11452
12729
11343
11763
11745
10488
11357
10279
9986
10552
10460
10406
11251
11508
11364
11269
10422
11635
11760
12157
12432
10882
10534
10597
11600
11436
10542
11669
10476
11522
10244
11323
11697
10162
10903
10644
10096
11145
12526
11169
13478
10325
10588
11125
11179
11830
11907
10196
11067
10850
10790
10859
10810
10492
11004
11508
11025
10696
11283
10470
10719
11475
10233
11283
11682
10907
10706
10734
10512
11685
10520
10702
10860
11531
11344
11592
9986
10509
11177
11629
12926
9792
10445
11157
11810
10887
13147
10232
10436
11055
11975
12855
10307
11709
11748
12040
11535
11578
11245
10718
11544
11240
10600
10575
10934
12128
11188
10565
10847
10540
11511
11235
11223
12877
11491
11401
11283
11208
10201
11391
11920
11137
10826
10699
10476
10242
12378
10762
11041
11017
11040
12074
12155
11942
10504
12162
10166
10716
11216
10687
11858
12050
11895
11866
10551
10830
10935
11081
10864
12028
10741
11959
10049
10929
10737
11080
10945
10314
10713
10874
10146
10974
11599
11126
11497
10334
11215
11010
11033
10433
11405
10442
10314
11219
10593
10538
11219
10673
10684
10583
12152
11237
10826
11762
12056
10356
11607
10752
10560
10128
10370
10565
11457
11393
11077
12924
10704
10644
11273
10521
11167
10041
10510
11578
10344
11363
10237
10476
10946
10967
11082
12294
10739
10332
10482
10244
11189
12768
10797
11837
10885
11364
10549
11909
11186
9886
11416
10553
10911
10568
11440
10941
11079
10890
11225
11043
12338
10948
10422
11681
10760
11104
11876
11562
10489
11228
10365
11028
10564
10171
11278
10227
10507
10417
12111
10558
10595
11285
11150
10596
11044
10670
10920
10846
10899
10712
10845
11416
11226
9954
11388
11425
11028
10239
10654
9866
11854
11432
11204
10770
11064
11282
10603
10788
11150
10413
11333
10593
11067
12529
11039
10554
10634
11002
11931
10897
10789
11741
9507
10375
12557
10959
10807
11411
10819
10629
11468
10891
12293
10919
11391
10739
10786
10223
11235
10186
10931
10851
12347
10552
9993
11096
10508
11001
11053
10267
10392
11158
10518
11630
10345
10920
10517
11034
11896
10038
11295
11968
10722
11958
12382
10989
10872
9691
11138
10400
10383
10591
11302
11302
11074
10512
11386
11886
11535
10450
10153
10275
10231
11262
11469
10783
10524
12903
11926
11273
11379
12320
10693
11312
10474
11908
10621
10894
10569
10489
10555
11257
10540
11062
10870
12077
10765
10618
9927
10967
10940
10065
11133
11671
11334
11808
10773
10495
11136
12161
11925
11856
10988
10827
10568
11223
10738
10580
10551
9855
10393
11136
11624
9790
11342
10641
10548
10696
10988
10402
11888
10614
11677
10435
10691
10448
11639
10528
10974
11972
10276
10991
10813
10773
10529
10636
9996
10946
10379
12513
10775
10631
10890
11274
10694
11396
10668
11674
10747
10443
10979
10892
10813
10506
10814
11187
10442
10579
11262
11238
11365
11335
10607
10587
11571
11484
11986
11857
11381
10384
10654
10210
10161
10190
10113
10397
11981
11080
10551
10486
10899
10624
10800
13336
11824
12612
10322
10920
10036
11114
10521
10785
11113
11038
11498
10425
10999
11233
12558
11029
10610
10366
10508
11107
11544
11070
10337
10320
10642
10716
11067
9946
11627
11204
10873
10372
10457
10960
11573
10585
11681
11308
11395
11579
11204
11118
10805
10946
11431
11934
10778
10704
11990
11416
11354
10371
10484
10975
10938
10594
10721
11638
11671
10191
10655
10435
10019
11087
11114
11371
11929
11027
11674
10701
10842
11174
10662
10343
9749
11234
10788
10621
10270
11947
10858
11270
11886
10647
10883
10379
10723
11071
11209
10986
10681
10534
10263
11043
10512
10569
10646
10811
11382
10307
10815
10764
10637
11481
11064
10344
10241
11046
10074
13172
10503
11768
10949
10602
11104
11109
10291
11809
12962
10391
10557
10839
10609
10589
11174
10283
10979
11704
10882
11183
10885
12535
11101
10943
11032
11395
10477
10030
10921
11121
10162
11187
12293
10464
10418
10196
11443
11369
10791
10717
10900
10644
11573
10566
10638
10885
11047
10852
10717
12402
11218
11352
10276
10354
11810
10717
10513
10971
10509
10520
11066
11133
10877
10898
10648
10582
11222
10342
11705
10373
10441
10879
9832
11075
11182
9971
11159
10357
10810
10978
11101
10354
11989
11238
10769
11855
11561
11193
11165
10324
10455
10256
10186
10262
10453
10476
10440
10185
11419
10289
11337
10639
10324
10528
10895
10298
9800
10539
11310
10199
10896
10653
10404
10766
10432
10675
11013
10868
11127
10919
11162
10737
13196
10902
11550
10836
10858
10593
11186
11152
10201
10508
10985
11177
11917
10865
10404
10863
10396
10766
12161
11831
10910
10861
11106
11290
11539
10905
11106
10307
13365
11319
9969
11383
11748
10083
10797
11220
10744
11236
11347
11756
10454
11578
10610
10842
12797
11801
9896
12907
11737
10182
12193
10558
13046
9979
11473
11154
11230
10484
10700
11012
11199
10855
10045
10817
10299
10680
10191
10749
11932
11216
12653
10640
13119
10243
10476
11354
11883
11291
10807
10185
10444
10230
9873
10614
11301
10882
9978
10966
12055
11036
11171
11056
10450
10066
11457
11884
10313
10486
11186
11751
10464
11998
10790
10615
10989
10679
10618
11165
11822
10198
10248
11495
10543
10391
10650
10443
11971
11737
11040
10172
10753
10140
10560
10556
12143
11737
11098
11852
11895
12131
11251
10312
11601
11839
10831
11305
10046
11417
11021
10336
10736
10157
10355
11325
10346
11327
11014
10940
11780
11271
11421
11319
10352
11535
9968
10556
10983
11187
11170
10909
10491
11472
11940
10838
10184
11205
10118
11328
12241
11726
12314
10915
10136
11022
11361
10983
10830
11169
10542
10967
10790
10801
10388
11172
10490
11905
11635
10908
11669
10541
12619
11041
11464
10429
10636
10037
10925
10473
10835
11122
10931
10423
10580
10233
10111
10235
10231
10380
9999
10383
10608
11324
11554
10921
10355
10682
11008
11605
10250
10667
11283
10246
11570
12493
11574
10473
10568
10785
10643
10596
10117
11702
11862
10514
10075
10308
10416
10693
10636
11529
11023
11176
11069
11781
11373
11268
11177
11731
11166
10301
10339
10352
10692
10545
11070
10310
10910
11444
11023
10279
11724
10725
10399
10175
12881
10905
11686
11678
10906
11615
11545
10120
11084
10414
10635
10616
11731
10600
11422
11239
11405
10471
10424
12250
10161
12992
10501
10441
10707
10129
10816
10826
10708
10926
12237
11256
11077
11139
11661
10828
10738
10956
10241
11107
11213
11304
10456
10409
10073
12405
11159
11107
10408
10729
11069
10627
10768
11628
11967
10619
11103
11021
11277
10066
11126
12460
11801
10148
10467
11045
10640
10335
11279
11833
11353
10208
10391
10351
10321
12781
10506
10738
10113
11037
14032
10450
10295
11507
10313
10792
10832
10884
10773
10908
10776
10652
11405
10319
10694
10779
12118
11632
10025
11196
10717
12162
10082
11009
11405
11642
11390
11449
10321
9986
11597
11897
10550
10473
11152
10358
11225
11137
11774
9872
10924
10158
10771
10494
13133
10710
11906
11214
12924
10777
10953
11077
10218
10577
10036
11011
10147
11020
10548
10907
11282
10526
10719
11877
10461
10014
11379
11924
9891
11151
9675
11447
13037
12480
11050
11273
10703
12739
10682
11196
11361
10738
12108
11537
10418
11353
10625
12081
12482
11106
11547
10096
10908
10548
10257
10703
10059
10470
11531
10442
11077
11789
10417
10757
10852
10726
11507
11528
11714
10476
10562
10417
10564
10358
10223
11029
10310
11115
10665
10497
10729
10626
10830
10872
11582
11877
10580
10232
11383
10779
11445
12214
10081
10234
11242
11488
12725
10337
11380
10423
10513
11563
12786
10131
10752
10094
10863
11097
10530
11956
11693
10974
11102
11348
11607
10908
11726
11329
11561
11592
10763
11097
10447
11481
11409
10451
10321
10315
10833
11244
10423
10862
11820
10434
10350
12934
10676
10324
10241
10558
10872
10602
10313
11085
9771
11170
11098
10412
11114
11214
12512
11161
11183
11051
11002
10471
10154
11538
10152
10095
10738
11528
12089
11999
10349
12482
11572
10310
10249
10367
11634
10261
10379
11466
12487
11752
10601
11916
13671
10830
9961
10927
10394
10182
11428
11407
11257
10592
11558
11086
10952
11925
10468
11066
10246
11424
10764
12101
10692
11615
11146
11822
10454
10642
14006
10389
10154
10368
10526
11132
11868
10153
11714
12243
10481
10620
10536
11162
10548
10997
10632
10636
10123
10932
9851
10698
11878
10787
11147
12241
10678
10588
10656
10295
10024
11442
10448
9757
10314
10357
10345
11977
11480
10061
10974
9956
11102
10159
10610
10981
11271
10773
10463
10393
11339
11841
10991
9990
10817
10440
10996
11919
10771
10638
11276
12262
9910
10455
10580
11006
11597
10062
11171
10445
10365
11500
11016
10282
11925
10270
12041
11060
11675
11535
10487
10992
10346
11312
11178
10064
11226
10601
10833
11010
10173
11336
10170
11126
10443
11123
10519
10111
10611
11629
10762
10818
11100
10906
11078
9979
9871
10924
10506
10196
10812
11511
10831
11480
10250
11655
11355
11288
13209
10479
10664
10570
11074
10733
10076
11395
10632
10876
11103
10538
10782
10621
10038
11958
10770
10405
12234
11015
10737
10485
10867
10585
11248
11531
11013
10987
10257
10513
11515
12064
10587
10849
9930
10727
10636
10763
10743
11308
11482
11215
10014
10036
10757
10455
10202
11386
11097
11582
10164
10760
10595
13093
11447
11065
10729
11649
11621
10520
12964
11118
10767
12512
10856
12335
11079
10588
10279
11421
11620
12072
10862
10678
10864
12186
10087
10374
12014
10239
11758
10587
10560
10687
11688
10956
10498
10330
11566
11345
11728
11340
11583
10586
11234
10901
11944
11592
10062
11183
10167
10849
10352
11094
10991
11890
13201
10315
11092
11475
10426
10544
10737
10828
10461
12198
11417
11295
10646
10927
10163
10932
11643
10600
10532
9937
11077
11758
11480
9936
10385
10463
11556
11098
10502
11765
10734
12043
12274
12207
11197
10907
10460
11431
10666
10937
11403
10103
10559
10866
10099
10847
10385
11379
11588
11492
10090
12238
10373
10246
10968
11817
10917
11262
11666
10320
12111
11082
10467
11744
10483
11467
11198
10565
10214
10291
11444
9994
10175
11138
10800
11168
11825
11837
10797
9817
11269
10636
11903
12051
11389
10674
12023
10684
10392
10095
10473
11501
10418
10800
11116
10552
10763
11550
10459
10859
10636
11387
10369
10117
11005
10489
10122
10926
10504
10706
11631
11391
11400
11553
11847
10780
10827
10102
10837
10485
10487
10870
11255
11411
11662
13042
10450
11115
10713
11109
11046
10619
9980
10928
11431
11954
11777
10217
10556
10581
10873
10631
10765
11123
11572
10773
11977
10746
10350
10491
10901
10803
10479
11025
11238
10714
10339
10326
11389
10104
11400
10604
11564
10322
11170
11549
10641
10950
10151
10497
11321
10355
11601
10917
9949
11320
10456
9983
11629
10578
10527
10112
12297
10275
10111
10399
10942
10483
10725
10307
11779
10636
10775
10974
11565
12726
11112
10292
10707
10969
12032
12254
11381
11440
10859
10687
10866
11841
10884
11160
10755
10912
10920
10666
12246
11607
11054
10509
10247
10087
11426
11372
10950
12144
10381
10767
10514
11147
10838
11536
10678
12218
10903
12095
10687
10401
10865
10592
10565
10781
10562
10581
10418
11533
11023
11379
11438
11194
11294
11358
10152
10989
12181
10325
10582
11371
11206
10839
10992
10902
11300
11295
11160
10642
11242
10428
12547
10612
10697
11502
10245
11291
10431
10326
11392
10650
11137
10358
11118
11950
10964
10975
10785
10224
10907
11430
11910
11729
10363
11574
11409
10398
10247
11764
11780
10318
10080
10688
10762
10952
11397
11087
11150
10039
10298
10909
11242
10998
10635
10654
10606
10203
9938
10558
10897
10605
10929
10510
11594
10522
12086
11854
11223
10797
10680
10494
12604
10652
11739
11857
11034
11104
10869
11103
10563
11561
11160
10227
11763
11396
10375
11250
10221
11311
11193
11225
10234
11183
12798
10790
12260
10843
12500
10424
10373
10635
10783
10431
12092
10069
11926
10816
12429
12066
12046
10820
12237
10424
11119
11159
10044
10828
10973
11609
10569
10021
10903
12135
12377
10937
10177
10454
11135
11353
12142
10079
12154
9967
11238
11190
11126
10484
11300
10659
11556
10540
10891
11236
11126
11156
10327
11114
11329
11239
10258
11241
11280
11072
10398
10890
13290
10501
10370
12144
11623
10513
10364
10059
12322
11175
9834
10530
10884
10877
11468
10562
11206
11792
11468
10488
10510
10713
10635
10625
11143
10550
10769
11817
10567
10484
10454
12433
12143
10578
11306
12567
12556
10680
11442
11132
10452
11083
11176
11648
11315
10930
10513
10022
11225
11384
10462
10442
10719
10025
10188
10301
11629
10339
10285
9964
11533
11413
10907
10078
10547
12812
11306
10930
10670
10835
11599
9915
11090
11540
11605
10923
11256
11039
9856
11438
11304
10775
10766
10677
11669
11883
11256
11084
10869
11115
10808
11757
11236
11481
11420
10760
10333
10755
10594
10585
10597
10390
10689
13415
10580
11029
11449
10134
11235
10469
10799
10597
10167
10469
10709
10561
10415
11898
10230
12870
10199
10216
11143
11535
12008
10611
11291
11089
10874
11044
10715
10672
10993
10657
9720
10808
10277
10471
11331
10749
10657
11255
10947
10519
10907
10444
12104
10995
12503
10466
10479
11042
11155
11460
11603
12949
11592
11903
10172
10961
10898
10868
10226
10265
12536
10427
10930
10322
11386
11224
10749
11080
10571
12625
11137
11342
11253
10717
10950
11566
10573
11571
10825
12729
10575
11459
11059
11001
10774
10500
10730
10238
11530
10489
10790
10492
11232
10695
10432
10625
11033
10602
12654
11808
10588
11537
10626
10731
11363
9925
11786
11999
10579
10469
10774
10603
11364
10376
10762
10964
10889
11612
10798
11840
11057
10823
11358
10292
11299
10393
12196
10299
10533
11130
11287
10734
11490
9981
11170
10910
10721
10922
10676
11019
12873
11685
10840
10550
11781
13398
11898
12018
11388
12297
11813
11756
10364
11188
11607
11043
10165
11380
11996
10338
10421
10851
10746
11456
11411
11380
10176
10713
11717
11632
10750
10999
10902
11804
10358
10241
10488
10417
10033
10672
10989
11109
10846
10452
10919
11797
11596
12217
10799
11679
11109
11162
11023
11304
10995
10973
10176
10474
10471
11091
10900
10417
10699
12147
12358
11041
10643
11381
11428
11719
11654
10838
11301
10351
10990
11175
12701
10855
10525
11193
10103
10587
10430
11970
11208
11029
10504
11314
11231
11283
10904
10561
10575
12406
10481
11314
10530
10020
11659
11228
11844
11033
10355
11686
11300
10656
10503
11413
11988
10583
10135
10424
10718
10982
10797
10606
10938
11423
11036
10545
10449
11714
10430
12939
10926
10843
11454
10994
10866
10892
11452
10207
11126
10590
10619
12500
10501
10797
10768
11151
10962
10785
11539
11446
11119
11083
10640
10988
9948
10918
10368
12149
10119
11741
11000
10034
11082
11062
12225
10555
11227
10603
11644
11162
11550
11221
11622
11543
10367
10448
12046
10960
11628
10687
10206
10237
11861
10789
10206
10901
11116
10872
10687
9958
11654
11069
10636
12376
11212
10684
11430
11393
10511
10029
13356
10861
11001
10820
11684
10417
11680
10927
10428
10285
10301
10182
10943
10541
10503
10103
12774
11814
10598
11161
10844
10841
10165
10326
10963
12422
11340
11646
11178
11071
10105
11315
11270
11499
10786
10557
11121
11349
11859
11229
10864
12242
10691
12606
10803
10841
10920
11706
11225
11270
12596
11797
10416
11967
10016
10142
10227
10276
11264
10580
12305
10875
9813
10456
10644
10343
11177
11370
11174
10524
10394
10863
10921
10757
11170
10660
11605
10234
11357
11087
10294
10842
11970
11629
10329
10996
11064
10073
10217
10927
11376
10820
10988
10360
12049
12544
11478
10080
9769
11010
11046
10931
12149
11491
11430
10511
11976
11183
12047
11018
9922
11523
10944
10626
10973
12078
10265
10702
11271
10795
10910
10488
10244
11454
11746
11799
10205
10322
12086
10864
10707
10526
10616
10611
10486
10755
10683
11219
11102
10309
13030
9766
11009
10449
10252
10465
10305
12272
12022
10657
10507
10789
10316
10611
10948
10716
10738
10069
12602
9952
10945
10168
11212
11771
10065
10259
10598
11018
11033
10521
11990
11024
10775
10328
10901
11315
10307
11954
11812
10162
11373
11261
10902
10394
11353
10424
11043
10555
10334
10739
11421
10940
12040
10639
10649
11539
11423
10055
10749
9870
10759
10977
11079
11968
11033
10123
11510
10474
11901
11013
10232
11395
10220
11728
11322
10938
11374
11201
11763
12457
10531
10646
11789
11908
10830
10981
10791
11704
10412
10503
10703
12281
12416
10526
10321
10514
11110
11351
11328
11568
10581
11544
10540
9976
10891
10654
10596
10978
9853
11895
10123
10855
10917
11026
11290
13831
12118
10793
10865
10722
10299
10801
10583
12194
10690
10995
11454
11260
10576
10575
12732
11019
10328
10449
12101
11395
10651
10088
11876
10071
10661
12320
11044
10462
10618
10155
10630
10468
10617
10325
11672
12011
11079
11431
10345
10126
10412
11548
12759
10090
10241
10251
10768
11295
10510
10468
10510
12251
10524
10082
10844
10908
10045
10116
10716
10547
10780
10955
10236
10452
11888
11254
11605
11995
11151
10726
11051
11159
11417
11250
12228
11199
11359
10773
10619
11656
11035
11312
10794
10834
10660
10586
11919
11535
10312
10202
11182
10208
10585
10586
11264
11106
10754
11534
10418
10936
10812
10972
11118
10141
11510
10899
11137
10962
11486
10444
11583
11426
11482
11064
10919
11772
10335
12606
11487
10503
12105
10383
11164
11310
10893
10834
11191
10530
12010
10827
10483
11799
11404
10225
11331
10919
10770
11708
11062
10295
10901
10876
10648
10421
10677
11527
10553
10578
10005
11603
11186
10961
10826
10413
10927
13229
10201
11509
10526
10555
10316
10300
10790
11469
11019
11842
10541
11202
10868
9884
10575
10544
11991
11101
10608
10765
11611
10999
11009
11095
10874
11287
10693
9922
11317
10630
11377
10112
10539
10910
12689
11398
10921
12176
12267
10448
11082
11399
11095
10715
10447
10876
10501
10941
12969
10454
11042
11771
10737
10631
10349
10926
11429
11242
10599
10234
10195
11155
10537
11151
11319
9793
10605
10608
12078
12084
10255
11213
11100
10490
10681
10607
10978
10681
9805
11610
10323
11083
11060
10171
10534
11446
11021
10781
10548
10776
10738
10399
10985
11440
10455
11147
11319
9735
11848
11029
10859
10214
11006
10826
9810
10764
10397
12056
10815
10276
10170
11703
10188
11022
10251
12134
10639
9936
11092
10419
10280
10994
10354
10653
10719
10096
11463
11597
10781
11040
11700
12431
10872
10673
11167
14472
10955
11300
11867
11473
10631
11208
11709
11170
10935
10738
10766
11039
10948
11543
10399
10741
10558
13042
10785
10865
10336
11972
12113
10814
11540
10567
10685
10595
10651
11838
10453
10769
10949
10868
11348
11029
11289
11098
10292
11517
11166
10473
11410
11473
10794
10982
11087
10218
12467
11150
10652
11342
10375
10362
10204
11107
10654
11710
11010
10819
10270
10409
10385
11930
10694
11449
10918
10913
10455
10167
11552
10761
10980
11311
11182
9916
11543
11994
12792
10531
10429
10782
11188
10804
10918
10496
10692
10418
10549
11186
10462
10793
11970
10191
11009
11351
11450
11099
11509
12498
11701
10931
9911
11615
9930
11504
11464
11261
10345
10252
10155
11215
11271
10618
10956
10923
11009
12013
10657
11324
10379
10642
10435
10609
10222
11985
9890
10245
11033
11911
10660
12253
11499
11401
10435
11512
10861
10594
10218
11293
10680
10198
11195
11348
10124
10394
11424
10515
11336
10909
10915
13131
10560
11032
10287
10923
10929
9946
10822
10139
10460
11484
10317
11498
11381
10541
12050
11452
12352
12118
10739
11227
10596
10503
11054
11851
10104
10861
10156
10217
10436
10115
9842
10659
11066
10912
12403
10777
11129
10989
10933
10941
12248
11665
11043
10790
11013
11918
10242
10645
11431
11085
10642
11078
11236
10747
11005
11675
9819
10706
10204
10802
10894
10801
10709
10819
10708
10984
10889
10345
10400
10354
10034
10515
10712
13113
10471
11189
11001
10844
10585
12301
10137
11560
10144
10772
11223
11278
13066
10906
10782
10335
10349
11711
10518
10818
11417
10670
10458
11118
10612
10474
11331
10710
11528
10919
11071
10974
11038
11353
10924
10312
11966
10703
11357
11921
11237
10570
11028
11249
10545
10507
12023
11118
11422
11696
10028
10871
10438
12948
10910
11077
9828
11416
12592
10309
10935
10966
10959
10895
10321
11266
11233
10717
11445
11352
13286
10283
10395
10563
10618
11419
11433
10746
11854
11798
11111
11381
10973
11615
11363
12037
10952
10835
10404
10685
10870
10839
10489
12097
10047
10870
10007
10317
11635
10790
12182
10087
11938
10805
10700
11042
11163
12413
10208
9903
10467
11021
10429
10973
11124
11705
11823
12396
10580
11872
10975
10338
11312
12352
11647
10150
12427
11177
10433
10319
11883
10146
11217
10863
10558
10508
11005
10276
10870
10897
10979
10179
10336
10286
14985
10275
11432
10719
10963
14038
10897
10350
10568
10713
11343
10486
12034
10562
10190
10839
10527
10393
10547
12667
10216
11660
11749
10254
10829
11037
10991
11301
12351
10860
10603
11692
10755
10347
11701
11429
10627
10737
10783
11631
9968
10707
10717
10382
11006
12112
11023
11152
12457
10497
11427
9936
11395
12247
11155
11060
11487
10899
11500
10561
11385
12007
11255
10591
10078
10367
11534
10926
10194
10608
11102
12476
11111
10859
11105
10728
11078
11721
10976
10526
12502
9873
10867
13548
11248
10686
10908
11685
10327
12002
12528
10725
10411
11251
10331
11687
10164
10343
10585
11287
12043
12246
11549
12095
11761
10431
12279
10828
11653
11432
10303
10097
10672
9953
10460
12156
11028
11273
11223
12472
11093
11082
10317
11072
10922
11106
10169
10670
11322
10776
12485
10528
10745
11911
14715
11432
11919
11594
10393
10408
10084
10524
11168
10168
11168
10316
10064
11255
11369
10544
10896
11442
10257
11760
10867
11791
10750
11038
10540
10166
9903
10413
11071
10810
10814
11137
11263
11184
11520
10391
10537
10808
11291
10693
12753
10278
11288
11183
11342
10897
10657
10980
10583
10869
11531
11712
10867
11391
10072
10510
10659
10546
11770
10953
10958
10051
10028
10714
11028
11442
10607
12743
12307
11474
11296
10428
10603
11108
11323
10785
11589
10913
10351
10576
10952
11064
10828
12103
10715
10229
12179
10774
10810
10798
11069
10880
10981
10002
11443
10830
12195
10452
10122
12224
11700
9837
11410
12535
10907
11317
10839
11020
11923
10419
10991
11407
10463
10504
11160
10555
11559
10799
10067
10294
10500
11030
10569
11430
11058
11998
11155
10327
10555
10591
10597
10694
10509
10492
10147
10897
11350
11857
10915
12057
10684
10095
10148
11019
10108
11178
10133
11690
10480
11357
13068
11595
10296
10874
10967
10715
10615
10776
10979
13138
9960
10482
10038
10322
10523
11880
10625
11672
10363
11150
10630
10689
12084
10414
11733
10681
11520
10703
9927
10987
10995
11259
10844
10702
10250
11070
11399
11305
11559
10722
10506
11081
11388
11186
11016
11413
11907
10310
10220
11970
10385
10737
10391
10586
11968
11824
10792
10447
11718
11362
10972
10257
10466
10945
10241
10692
11828
11260
12747
10461
10321
13028
10742
10400
11095
10664
10502
10404
9909
9970
12922
10832
10504
10858
10748
10842
10878
10076
10930
10457
12045
10716
11200
12107
10361
10250
11441
11531
9750
10600
10729
11732
10510
10462
10588
10228
10417
10598
10738
11212
10704
11869
12508
10881
10634
10059
10997
10526
11283
10877
10497
11471
11120
11191
11246
10630
10221
11364
11761
11801
11108
12562
11221
10621
10636
10636
11308
10594
11317
10937
10864
10366
11347
11062
11110
10885
11254
10477
10711
11355
10295
12016
11520
11177
10255
12468
9930
10481
12075
10944
10936
11024
10396
11626
10218
10907
10692
10425
11393
10631
10315
10778
11748
10593
11735
10080
10959
10740
10896
10214
10566
9826
10630
11654
10737
10869
10640
11259
10328
11199
12378
11151
11367
10948
10767
12526
10186
10456
12251
10802
10402
11228
10840
10475
10820
11931
10515
10918
10535
11880
11067
11425
10854
11428
11033
10150
11521
10723
10660
10369
11025
12309
10840
10503
10869
10264
11759
11557
11442
10728
10913
11194
12747
11558
11421
10333
10435
11742
10783
10844
12324
10601
10166
11223
11770
10864
11528
11309
11393
11553
10528
10548
10405
12143
10856
11810
11120
11941
11341
11514
10954
11068
10589
10544
10387
10196
11726
11157
11513
10916
10887
10721
10746
11622
10352
10552
10918
10259
11240
10163
10592
10489
11583
10557
11077
11104
10612
11034
11038
10034
9887
10969
10994
12089
10818
10990
11454
10445
12469
10493
11133
10336
12902
10700
10303
10589
9749
10612
10469
11492
10911
11250
10374
10587
12303
10061
10621
11271
11159
10540
11363
11844
10778
10521
10989
10263
10652
10245
10507
11156
11338
10423
11527
11511
11017
10576
10415
11134
10558
10510
11113
10166
10724
10402
10646
11961
10193
12800
12858
11162
11556
10354
10363
11072
10462
10207
11407
11550
10487
11740
10682
11590
10839
10679
11082
10892
11428
10122
11851
10860
10359
12081
11421
10630
10639
11438
11041
13189
11788
10614
10988
10904
11791
10696
9940
10830
11181
11322
10195
10880
11883
11078
10453
11005
10343
11152
10217
11499
11290
10719
11457
10762
10599
11304
11630
10089
11245
11213
11843
10123
10913
10655
11126
11105
11497
10685
10619
11556
10877
11097
10946
10806
11401
10234
10998
12822
10452
10843
11995
11275
10243
10688
11241
10597
11082
10690
10836
10513
10924
11241
10369
10414
11071
10625
13181
12763
11238
10576
10799
11208
12800
11022
10467
10769
10603
10951
10304
11862
11808
13276
11105
10393
10787
12236
10247
10518
10365
10433
10123
10279
11842
11649
11765
10429
9958
10398
10199
10828
10897
10516
10631
10556
10940
11324
11210
10600
11505
11193
10726
11556
11362
11522
12430
10474
11146
11884
11200
10331
10825
10959
10393
10266
10783
12070
10755
11268
10622
10855
10478
10207
10458
12113
10230
11071
12222
10425
11138
12367
10868
10370
12674
10630
10538
10367
11295
10616
10639
10826
10394
10536
11848
10246
10466
10415
11929
10806
10936
10863
11144
11442
11744
11133
11067
10577
10786
10529
10146
11208
12261
10126
11801
10604
10298
10527
11275
10503
11713
10899
10745
10396
11085
10703
11051
11737
10385
12370
10543
11584
11247
11479
10239
11036
11814
10894
10032
10529
10633
11364
11123
11096
10588
11579
10961
10844
10857
10515
10945
10408
10556
11277
12169
11339
10208
11245
10972
11272
10886
10843
10525
10869
10608
10152
10681
10927
12315
10475
10577
11727
10972
11087
10645
11262
11550
10878
11820
11660
11875
10742
11491
11181
10403
11034
10830
12116
11391
11279
10895
10069
10517
10402
10448
11898
11044
10135
10343
11253
10812
10940
10676
12851
11227
10722
11140
10127
10880
10480
10817
11821
10537
10531
10043
10997
11123
10305
11266
11414
11192
10419
11133
10731
10547
10987
11588
9934
10889
11632
12006
10200
10824
10624
11051
11257
10034
11160
10626
10237
10509
11716
11040
11400
10836
10806
11188
10284
11760
11646
10948
10258
10382
11329
10002
10074
10120
10797
11410
10448
11137
10481
10800
10636
11164
10706
10965
10619
10903
11197
11613
10560
10502
11596
13455
11162
11625
11366
11335
12507
10919
10931
11492
10722
10440
10400
11444
10790
10839
9856
10545
11439
11457
10487
10163
10128
11035
10809
10935
10483
10803
10410
10565
10849
10893
10938
10882
11130
10407
10380
11827
10568
10112
11544
11736
12034
10576
11278
11155
10322
9781
10472
10273
11131
11164
10866
11062
10236
11441
10601
11070
11757
10447
11360
9991
11772
11398
11358
10071
10978
10580
11233
11947
11022
10750
10637
10601
11422
12407
11871
11241
11492
11179
10973
11078
11147
10283
10567
11325
10776
10404
10887
10275
11598
10748
10717
10667
11905
10452
12586
10265
10223
10504
10799
10556
11028
11033
10591
11414
10184
11016
10010
10962
11546
10972
10532
10427
12209
12215
11214
10340
10789
12669
10597
10056
10886
10918
11253
12266
10453
11743
11421
11017
10309
10777
10106
11320
12414
11575
10164
11306
10224
10580
10595
11001
10779
10657
10467
10231
10541
10715
10940
11248
10530
10260
10318
11729
11577
10680
10645
10875
10415
12117
12194
10706
11281
10766
11901
12834
11630
10705
11347
11028
11429
11101
11216
10393
12178
11926
11233
11537
10630
10961
10940
12797
10465
11643
10947
12063
10971
11230
13510
9978
10581
10571
10465
10778
11880
10709
11082
10322
10341
10005
10718
11087
10056
11391
10527
11176
10533
11590
10956
10308
10071
10448
10626
11259
10978
11062
9897
11107
10534
11298
11348
10979
10467
11286
10163
11040
11055
11829
11444
11089
10810
10805
10829
11082
11669
11912
11988
9783
11187
12891
11595
10379
10501
11684
10956
10693
12818
10929
10885
11073
10511
10996
11821
11598
11076
10319
10969
11431
10669
10894
11445
10543
11450
10962
11373
12061
10992
11662
10282
11970
12611
11162
10316
10923
9927
10657
10201
10599
9947
10439
10864
10513
11167
12723
11413
10609
10384
11121
12157
10871
11107
11713
10772
10855
10911
11592
10660
10678
12060
10346
10364
11816
11276
12382
10319
11029
11357
11253
10729
11966
11535
11274
11074
11971
10821
11327
10418
10451
10191
10118
12105
10835
11043
10050
10348
11748
10303
9907
9866
9762
10285
10944
11907
10972
10579
10956
10727
11459
10741
11865
10416
10735
11834
10731
11829
10663
12510
11184
11054
11257
11055
12402
11151
10156
10949
10910
11893
11656
11178
10420
10895
10896
12535
10486
10523
10954
11940
10501
10627
10702
11356
11347
10617
10737
10695
11587
10827
11516
10873
10922
10012
10827
10024
11083
10269
10460
12891
10972
12097
10641
10857
11576
10918
12124
11102
10262
12063
11816
11100
10672
10745
11877
10721
10898
12869
10959
10681
12163
11708
10434
11028
10589
11988
10394
10765
11521
13245
10640
11618
11823
11382
11147
10917
11106
10711
10611
12048
10599
10873
11080
11644
11373
11652
11252
11476
10383
10743
12007
10246
10880
11358
10171
10947
10514
12168
10264
11603
10966
11234
11653
10429
11065
10396
10409
10278
11444
10651
10336
10479
11825
10722
11300
11531
11236
10593
10407
10285
10842
10414
10481
11423
10558
12846
11008
10952
11267
11231
10823
10277
10447
10429
11380
10818
10012
11387
11813
11237
11167
11079
10336
10723
9797
11039
11439
10769
10991
10207
11232
11512
11099
11505
10829
11520
11858
10333
10352
11013
11515
11288
10585
10451
10739
10158
10590
10394
10300
12113
10172
10356
11327
10464
11164
11559
10561
11035
10957
10720
10468
10759
11131
10951
10966
10090
12827
11635
12417
10876
10641
10799
10426
10154
10342
10560
10745
10861
10276
10528
12191
11098
11373
11080
11486
10805
10846
11187
11020
10360
11515
10973
12127
10070
10295
10802
12067
10445
10319
10632
11963
11273
10531
11507
10864
9900
11151
10001
11815
10128
10328
11868
11098
10317
11482
12058
10826
10403
10447
11750
9997
12215
10783
11532
11028
11413
11268
10333
11704
10737
11531
11580
10369
11096
10448
10586
11034
10837
10394
10674
10892
11016
12731
10429
11146
10800
10304
11423
11909
9781
11146
11015
10796
10742
10888
9827
10492
10738
10242
10865
11012
10260
10893
10300
10008
10025
11285
10664
10255
10184
10361
10011
10682
11797
11048
10700
10376
11957
10518
10366
11382
10497
10757
10566
12567
9966
11286
10335
10579
11097
10725
10838
10900
11049
11984
10566
10810
10332
10668
12278
10494
11328
11350
10552
10888
11569
10631
10637
10594
11513
11000
10312
12302
11462
11038
11008
10096
10360
10772
10681
10653
11099
10359
11503
10868
11727
11297
10283
10552
10489
10549
10417
10131
11571
10170
10702
10729
10267
10762
12305
10495
11491
11571
10848
11316
10704
11920
12848
10414
10653
11274
11398
11326
10777
9965
12025
10001
11944
10942
10671
11125
11576
11101
10342
